-1219244.1289386959
-1219251.2092338759
-1219239.9007635019
-1219301.8411241053
-1219286.3095778853
-1219263.0965797694
-1219478.283347241
-1219471.9654375946
-1219382.5628599776
-1219298.329654361
-1219482.4807837359
-1219454.7918712962
-1219424.0528121516
-1219360.0743771908
-1219250.046412383
-1219634.0314286985
-1219599.7200468308
-1219566.1289288595
-1219480.8785294383
-1219336.0649944462
-1219206.5668686698
-1219206.5668686698 steps/cobraa/PD_0522/aut_D50_ts34_te40_final_parameters.txt

-theta 0.0006295137081987973 -rho 0.000132801675466758 -gamma_fg 0.13877648243584004 -decode -decode_downsample 400 -path     -lambda_A_fg 4.635214856494836,9.212195988156283,7.819181699569535,7.2237076884499105,6.859732406128854,6.593893001016678,6.417104717799962,6.214271257671643,5.760708427921975,4.905979376075139,3.737562458113206,2.579816515888389,1.717830972982443,1.1700077767358212,0.8573711861839513,0.7222367319460213,0.6948937478476623,0.6995274843707502,0.6838231687427467,0.6763181144315628,0.7280300521072037,0.8264058144769877,0.9269882649259206,1.012964959355004,1.0823372668330824,1.1322172212668793,1.1607796545644808,1.1619229653286964,1.1328295020948955,1.0962605362509685,1.0910398018425311,1.1400066759909775,1.222503132491053,1.258808762453145,1.312486065063805,1.3431895058699552,1.3716028122845016,1.518662878918355,1.9392155094514718,2.932344454577717,0.8115561828702086,0.5362798176252677,0.3380930400513628,0.2027382588623384,0.10003688436919515,0.10003688436919515,0.10003688436919515,0.10003688436919515,0.10003688436919515,3.988619971577149 lambda_B_fg 3.630775997336629,3.630775997336629,3.630775997336629,3.630775997336629,3.630775997336629,3.630775997336629,3.630775997336629,3.630775997336629,3.630775997336629,3.630775997336629,3.630775997336629,3.630775997336629,3.630775997336629,3.630775997336629,3.630775997336629,3.630775997336629,3.630775997336629,3.630775997336629,3.630775997336629,3.630775997336629,3.630775997336629,3.630775997336629,3.630775997336629,3.630775997336629,3.630775997336629,3.630775997336629,3.630775997336629,3.630775997336629,3.630775997336629,3.630775997336629,3.630775997336629,3.630775997336629,3.630775997336629,3.630775997336629,3.630775997336629,3.630775997336629,3.630775997336629,3.630775997336629,3.630775997336629,3.630775997336629,3.630775997336629,3.630775997336629,3.630775997336629,3.630775997336629,3.630775997336629,3.630775997336629,3.630775997336629,3.630775997336629,3.630775997336629,3.630775997336629

-1219244.1289386959
-1219251.2092338759
-1219239.9007635019
-1219301.8411241053
-1219286.3095778853
-1219263.0965797694
-1219478.283347241
-1219471.9654375946
-1219382.5628599776
-1219298.329654361
-1219482.4807837359
-1219454.7918712962
-1219424.0528121516
-1219360.0743771908
-1219250.046412383
-1219634.0314286985
-1219599.7200468308
-1219566.1289288595
-1219480.8785294383
-1219336.0649944462
-1219206.5668686698
-1219206.5668686698 steps/cobraa/PD_0522/aut_D50_ts34_te40_final_parameters.txt

-theta 0.0006295137081987973 -rho 0.000132801675466758 -gamma_fg 0.13877648243584004 -decode -decode_downsample 400 -path     -lambda_A_fg 4.635214856494836,9.212195988156283,7.819181699569535,7.2237076884499105,6.859732406128854,6.593893001016678,6.417104717799962,6.214271257671643,5.760708427921975,4.905979376075139,3.737562458113206,2.579816515888389,1.717830972982443,1.1700077767358212,0.8573711861839513,0.7222367319460213,0.6948937478476623,0.6995274843707502,0.6838231687427467,0.6763181144315628,0.7280300521072037,0.8264058144769877,0.9269882649259206,1.012964959355004,1.0823372668330824,1.1322172212668793,1.1607796545644808,1.1619229653286964,1.1328295020948955,1.0962605362509685,1.0910398018425311,1.1400066759909775,1.222503132491053,1.258808762453145,1.312486065063805,1.3431895058699552,1.3716028122845016,1.518662878918355,1.9392155094514718,2.932344454577717,0.8115561828702086,0.5362798176252677,0.3380930400513628,0.2027382588623384,0.10003688436919515,0.10003688436919515,0.10003688436919515,0.10003688436919515,0.10003688436919515,3.988619971577149 lambda_B_fg 3.630775997336629,3.630775997336629,3.630775997336629,3.630775997336629,3.630775997336629,3.630775997336629,3.630775997336629,3.630775997336629,3.630775997336629,3.630775997336629,3.630775997336629,3.630775997336629,3.630775997336629,3.630775997336629,3.630775997336629,3.630775997336629,3.630775997336629,3.630775997336629,3.630775997336629,3.630775997336629,3.630775997336629,3.630775997336629,3.630775997336629,3.630775997336629,3.630775997336629,3.630775997336629,3.630775997336629,3.630775997336629,3.630775997336629,3.630775997336629,3.630775997336629,3.630775997336629,3.630775997336629,3.630775997336629,3.630775997336629,3.630775997336629,3.630775997336629,3.630775997336629,3.630775997336629,3.630775997336629,3.630775997336629,3.630775997336629,3.630775997336629,3.630775997336629,3.630775997336629,3.630775997336629,3.630775997336629,3.630775997336629,3.630775997336629,3.630775997336629

