species,aut,chrX,CV_aut,CV_x,Autosomal Pi per base,ChrX Pi per base,X_a_ratio,X/A ratio,binomial_name,Strategy_count,Monogamous_strategy,Polygynous_strategy,Polygynandrous_strategy,Polyandrous_strategy,Binomial name
Allenopithecus_nigroviridis_ssp,137.99069239984334,76.3030607966457,0.3319807505485678,0.6975040943284565,0.0013799069239984333,0.000763030607966457,0.5529580254264477,0.5529580254264477,Allenopithecus_nigroviridis,1.0,0.0,0.0,1.0,0.0,Allenopithecus nigroviridis
Allochrocebus_lhoesti_ssp,270.1615275138308,97.51642775881683,0.41667180117073993,0.7274032995516823,0.0027016152751383076,0.0009751642775881683,0.36095601270919125,0.36095601270919125,Allochrocebus_lhoesti,3.0,0.0,1.0,0.0,0.0,Allochrocebus lhoesti
Allochrocebus_preussi_ssp,263.92963315562326,105.11126279863481,0.5617809238668272,0.739758764007655,0.0026392963315562327,0.0010511126279863481,0.3982548740052129,0.3982548740052129,Allochrocebus_preussi,1.0,0.0,1.0,0.0,0.0,Allochrocebus preussi
Alouatta_belzebul_ssp,506.8779449562151,359.91890747624944,0.2110417288983646,0.19254757129879357,0.005068779449562151,0.0035991890747624944,0.7100701678928638,0.7100701678928638,Alouatta_belzebul,1.0,0.0,1.0,0.0,0.0,Alouatta belzebul
Alouatta_discolor_ssp,207.20162886292727,106.60120682480233,0.5034644737076879,0.4855955298657947,0.0020720162886292727,0.0010660120682480234,0.5144805444329957,0.5144805444329957,Alouatta_discolor,1.0,0.0,1.0,0.0,0.0,Alouatta discolor
Alouatta_juara_ssp,200.95113654508543,106.5647315855181,0.4648758325455462,0.4718778787860317,0.0020095113654508543,0.001065647315855181,0.5303017112401811,0.5303017112401811,Alouatta_juara,0.0,,,,,Alouatta juara
Alouatta_macconnelli_ssp,200.99512120660492,109.18809715583879,0.3971560896278151,0.38887538960330864,0.002009951212066049,0.001091880971558388,0.5432375497492958,0.5432375497492958,Alouatta_macconnelli,1.0,0.0,1.0,0.0,0.0,Alouatta macconnelli
Alouatta_palliata_ssp,36.60055646592926,20.771268656716416,1.754911082844309,1.5643728392860854,0.0003660055646592926,0.00020771268656716416,0.5675123730988074,0.5675123730988074,Alouatta_palliata,4.0,0.0,0.5,0.5,0.0,Alouatta palliata
Alouatta_seniculus_ssp,299.04189536892045,199.86563495829225,0.28992753296126256,0.2610891750926519,0.0029904189536892043,0.0019986563495829226,0.6683532911390996,0.6683532911390996,Alouatta_seniculus,4.0,0.0,0.75,0.25,0.0,Alouatta seniculus
Aotus_azarai_ssp,152.45818162682588,70.70722920639982,0.48026490986270404,0.5661148378479378,0.0015245818162682588,0.0007070722920639982,0.4637811395355019,0.4637811395355019,Aotus_azarai,,,,,,Aotus azarai
Aotus_griseimembra_ssp,151.88532464381808,121.11193111931121,0.4724879753833385,0.6600348857982068,0.0015188532464381808,0.0012111193111931122,0.7973906063889143,0.7973906063889143,Aotus_griseimembra,2.0,1.0,0.0,0.0,0.0,Aotus griseimembra
Aotus_nancymaae_ssp,450.54891682162014,275.09169843480936,0.4206478334437374,0.42832206808442025,0.004505489168216201,0.0027509169843480934,0.6105701027436334,0.6105701027436334,Aotus_nancymaae,,,,,,Aotus nancymaae
Aotus_trivirgatus_ssp,108.66903296266878,40.127941176470586,0.8791967284571516,1.2601141510319467,0.0010866903296266879,0.0004012794117647059,0.36926749122959246,0.36926749122959246,Aotus_trivirgatus,3.0,1.0,0.0,0.0,0.0,Aotus trivirgatus
Aotus_vociferans_ssp,324.66696915659463,184.389954899549,0.3613824072141498,0.4796488918938588,0.003246669691565946,0.0018438995489954899,0.5679356769139435,0.5679356769139435,Aotus_vociferans,2.0,1.0,0.0,0.0,0.0,Aotus vociferans
Arctocebus_calabarensis_ssp,73.86895622895622,63.15,0.6290132704570331,0.7495958021042604,0.0007386895622895622,0.0006315,0.8548922744253634,0.8548922744253634,Arctocebus_calabarensis,3.0,0.0,1.0,0.0,0.0,Arctocebus calabarensis
Ateles_belzebuth_ssp,266.2367628205128,162.50451263537906,0.3644388610313776,0.4906187249270373,0.0026623676282051282,0.0016250451263537906,0.6103759334879448,0.6103759334879448,Ateles_belzebuth,3.0,0.0,0.0,1.0,0.0,Ateles belzebuth
Ateles_chamek_ssp,281.79514618598495,168.99047647198367,0.28688123109614544,0.45428877804069306,0.0028179514618598494,0.0016899047647198366,0.5996926446719202,0.5996926446719202,Ateles_chamek,1.0,0.0,0.0,1.0,0.0,Ateles chamek
Ateles_geoffroyi_ssp,211.3094660063338,133.99579622944242,0.33858427008880293,0.4118453043558456,0.002113094660063338,0.0013399579622944242,0.6341211246325615,0.6341211246325615,Ateles_geoffroyi,3.0,0.0,0.0,1.0,0.0,Ateles geoffroyi
Ateles_marginatus_ssp,177.89670444579372,111.99145607701564,0.5195812802806905,0.749174291750246,0.0017789670444579371,0.0011199145607701565,0.6295308079253383,0.6295308079253383,Ateles_marginatus,1.0,0.0,1.0,0.0,0.0,Ateles marginatus
Ateles_paniscus_ssp,106.10682028064959,63.06811594202898,0.38629834623163783,0.4219484331736238,0.0010610682028064959,0.0006306811594202898,0.5943832429924445,0.5943832429924445,Ateles_paniscus,4.0,0.0,0.0,1.0,0.0,Ateles paniscus
Avahi_peyrierasi_ssp,206.92487218813906,113.09543147208122,0.4673733595694216,0.5951399949394851,0.0020692487218813907,0.0011309543147208121,0.5465531053669238,0.5465531053669238,Avahi_peyrierasi,1.0,1.0,0.0,0.0,0.0,Avahi peyrierasi
Brachyteles_hypoxanthus_ssp,315.0338381784916,190.44464944649445,0.4006531892048337,0.420276930806594,0.0031503383817849157,0.0019044464944649444,0.6045212493604972,0.6045212493604972,Brachyteles_hypoxanthus,1.0,0.0,0.0,1.0,0.0,Brachyteles hypoxanthus
Cacajao_ayresi_ssp,55.204912467557904,43.07058365758755,0.659775987650026,0.8037881203404278,0.000552049124675579,0.0004307058365758755,0.7801947640601495,0.7801947640601495,Cacajao_ayresi,0.0,,,,,Cacajao ayresi
Cacajao_calvus_ssp,141.38965086960198,119.10448510171467,0.24740570247348762,0.3029558364172477,0.0014138965086960198,0.0011910448510171468,0.8423847457658692,0.8423847457658692,Cacajao_calvus,4.0,0.5,0.0,0.5,0.0,Cacajao calvus
Cacajao_hosomi_ssp,82.96842688511744,51.26322957198443,0.5680377860539577,0.7684539940106939,0.0008296842688511744,0.0005126322957198443,0.6178643069003378,0.6178643069003378,Cacajao_hosomi,0.0,,,,,Cacajao hosomi
Cacajao_melanocephalus_ssp,93.22121223250576,70.35823605706874,0.42787186135285304,0.5234169517910761,0.0009322121223250576,0.0007035823605706874,0.7547449166568033,0.7547449166568033,Cacajao_melanocephalus,2.0,1.0,0.0,0.0,0.0,Cacajao melanocephalus
Callimico_goeldii_ssp,100.66886728262426,48.87380952380952,0.42762006306972944,0.5698089756612802,0.0010066886728262426,0.0004887380952380953,0.48549080607610334,0.48549080607610334,Callimico_goeldii,5.0,0.6,0.4,0.0,0.0,Callimico goeldii
Callithrix_jacchus_ssp,122.61874017229803,39.87246073082011,0.5608248414349248,0.6313275316500809,0.0012261874017229803,0.0003987246073082011,0.3251742814743751,0.3251742814743751,Callithrix_jacchus,4.0,0.5,0.0,0.0,0.5,Callithrix jacchus
Cebuella_niveiventris_ssp,175.4688170159458,127.97855477855478,0.2892239440964958,0.24650441927134048,0.001754688170159458,0.001279785547785548,0.729352126235197,0.729352126235197,Cebuella_niveiventris,2.0,1.0,0.0,0.0,0.0,Cebuella niveiventris
Cebuella_pygmaea_ssp,170.83404050042407,105.8157894736842,0.3148989711318557,0.4418575563108161,0.0017083404050042407,0.001058157894736842,0.6194069353140514,0.6194069353140514,Cebuella_pygmaea,5.0,0.8,0.0,0.0,0.2,Cebuella pygmaea
Cebus_albifrons_ssp,236.2787394491977,129.08559465020576,0.24460624525204744,0.2358888467527889,0.002362787394491977,0.0012908559465020575,0.54632759151807,0.54632759151807,Cebus_albifrons,3.0,0.0,0.3333333333333333,0.6666666666666666,0.0,Cebus albifrons
Cebus_imitator_ssp,64.22489029932613,24.069403292181068,0.5260103275311718,0.6925954089607107,0.0006422489029932613,0.0002406940329218107,0.374767526733068,0.374767526733068,Cebus_imitator,1.0,0.0,1.0,0.0,0.0,Cebus imitator
Cebus_olivaceus_ssp,142.80684419802867,71.9677572016461,0.35819981226397013,0.4867150856812174,0.0014280684419802868,0.000719677572016461,0.5039517370879592,0.5039517370879592,Cebus_olivaceus,2.0,0.0,0.5,0.5,0.0,Cebus olivaceus
Cebus_unicolor_ssp,213.9749090501792,136.48702469135802,0.23682155882643902,0.21014155425371395,0.002139749090501792,0.00136487024691358,0.637864622993486,0.637864622993486,Cebus_unicolor,0.0,,,,,Cebus unicolor
Cercocebus_atys_ssp,207.04712344424317,91.44863324363324,0.3286265339292782,0.390008124516401,0.0020704712344424316,0.0009144863324363324,0.44168028863371256,0.44168028863371256,Cercocebus_atys,3.0,0.0,0.0,1.0,0.0,Cercocebus atys
Cercocebus_chrysogaster_ssp,163.22362575301204,54.74496644295302,0.6223154210625508,0.8585997031657331,0.0016322362575301205,0.0005474496644295303,0.33539854411635495,0.33539854411635495,Cercocebus_chrysogaster,1.0,0.0,0.0,1.0,0.0,Cercocebus chrysogaster
Cercopithecus_ascanius_ssp,667.1965225876099,401.7421552878179,0.27494126790714307,0.38298735757713004,0.006671965225876099,0.004017421552878179,0.6021346660047452,0.6021346660047452,Cercopithecus_ascanius,6.0,0.0,0.5,0.5,0.0,Cercopithecus ascanius
Cercopithecus_campbelli_ssp,461.3355630293971,196.99678714859436,0.2875036474005854,0.43055702410844954,0.004613355630293971,0.0019699678714859437,0.4270140932881894,0.4270140932881894,Cercopithecus_campbelli,2.0,0.0,1.0,0.0,0.0,Cercopithecus campbelli
Cercopithecus_cephus_ssp,665.0740369816752,412.1899598393574,0.27686031944468986,0.38601381268371177,0.006650740369816752,0.004121899598393574,0.6197655252188329,0.6197655252188329,Cercopithecus_cephus,2.0,0.0,1.0,0.0,0.0,Cercopithecus cephus
Cercopithecus_denti_ssp,266.89799659524994,131.5615796519411,0.3464567759633619,0.37511662011147645,0.0026689799659524996,0.0013156157965194108,0.4929283146754146,0.4929283146754146,Cercopithecus_denti,2.0,0.0,1.0,0.0,0.0,Cercopithecus denti
Cercopithecus_hamlyni_ssp,413.0466579319524,240.70094086021504,0.30822099619437043,0.42465216825782565,0.004130466579319524,0.0024070094086021503,0.5827451602328894,0.5827451602328894,Cercopithecus_hamlyni,1.0,0.0,1.0,0.0,0.0,Cercopithecus hamlyni
Cercopithecus_mitis_ssp,485.4715458512092,229.18562248995983,0.28151714300559777,0.3399864476297856,0.004854715458512092,0.002291856224899598,0.4720886825367151,0.4720886825367151,Cercopithecus_mitis,3.0,0.0,1.0,0.0,0.0,Cercopithecus mitis
Cercopithecus_mona_ssp,333.05813163847165,193.3132329317269,0.32174682966039875,0.4014848603490549,0.0033305813163847166,0.001933132329317269,0.5804188955865662,0.5804188955865662,Cercopithecus_mona,3.0,0.0,1.0,0.0,0.0,Cercopithecus mona
Cercopithecus_neglectus_ssp,212.6254160090816,121.00685483870969,0.35101041117440923,0.6278357599717632,0.0021262541600908158,0.001210068548387097,0.5691081391395904,0.5691081391395904,Cercopithecus_neglectus,5.0,0.4,0.6,0.0,0.0,Cercopithecus neglectus
Cercopithecus_nictitans_ssp,427.43430783695595,234.9338688085676,0.3312053862837465,0.49089226728281804,0.00427434307836956,0.002349338688085676,0.5496373700030245,0.5496373700030245,Cercopithecus_nictitans,3.0,0.0,1.0,0.0,0.0,Cercopithecus nictitans
Cercopithecus_pogonias_ssp,364.7070118998201,202.60923694779115,0.35741734732359093,0.5139245700952976,0.0036470701189982007,0.0020260923694779115,0.5555397355602394,0.5555397355602394,Cercopithecus_pogonias,1.0,0.0,1.0,0.0,0.0,Cercopithecus pogonias
Cercopithecus_roloway_ssp,389.76883570182,198.86733870967743,0.3510011262822543,0.4416533445556808,0.0038976883570182004,0.001988673387096774,0.5102186744909858,0.5102186744909858,Cercopithecus_roloway,1.0,0.0,1.0,0.0,0.0,Cercopithecus roloway
Cercopithecus_wolfi_ssp,252.81406378857065,124.31860776439089,0.3547102825183473,0.48611865635272167,0.0025281406378857064,0.001243186077643909,0.49173928816064205,0.49173928816064205,Cercopithecus_wolfi,3.0,0.0,1.0,0.0,0.0,Cercopithecus wolfi
Cheirogaleus_major_ssp,471.31143576826196,224.9289351851852,0.355338380641635,0.4852417721709991,0.00471311435768262,0.002249289351851852,0.4772405634897007,0.4772405634897007,Cheirogaleus_major,4.0,0.5,0.25,0.25,0.0,Cheirogaleus major
Cheirogaleus_medius_ssp,115.1244381582991,36.748458781362004,0.62419029589091,0.7127141596033558,0.001151244381582991,0.00036748458781362005,0.3192064115077975,0.3192064115077975,Cheirogaleus_medius,5.0,0.6,0.2,0.2,0.0,Cheirogaleus medius
Cheirogaleus_sibreei_ssp,327.9372185819892,106.7641975308642,0.45770273351623036,0.7180993011487677,0.003279372185819892,0.001067641975308642,0.32556291717212194,0.32556291717212194,Cheirogaleus_sibreei,,,,,,Cheirogaleus sibreei
Cheracebus_lucifer_ssp,237.50017419393131,154.2845578231292,0.3105706043616232,0.3500910294939104,0.0023750017419393132,0.001542845578231292,0.6496187143725958,0.6496187143725958,Cheracebus_lucifer,2.0,1.0,0.0,0.0,0.0,Cheracebus lucifer
Cheracebus_lugens_ssp,154.8934038333185,106.5524279715291,0.3267666195936198,0.4445697140174235,0.001548934038333185,0.001065524279715291,0.6879081054102901,0.6879081054102901,Cheracebus_lugens,0.0,,,,,Cheracebus lugens
Cheracebus_regulus_ssp,90.41368767177072,45.84736842105263,0.579490003996413,0.8544782764740386,0.0009041368767177072,0.0004584736842105263,0.5070843762892691,0.5070843762892691,Cheracebus_regulus,0.0,,,,,Cheracebus regulus
Cheracebus_torquatus_ssp,165.64967230305413,77.59471698113207,0.44709251098815656,0.8626189298437104,0.0016564967230305414,0.0007759471698113206,0.46842662531304885,0.46842662531304885,Cheracebus_torquatus,3.0,1.0,0.0,0.0,0.0,Cheracebus torquatus
Chiropotes_albinasus_ssp,135.73885200705777,108.71232166018157,0.292837301161407,0.34309009556530523,0.0013573885200705777,0.0010871232166018156,0.800893186090369,0.800893186090369,Chiropotes_albinasus,1.0,0.0,0.0,1.0,0.0,Chiropotes albinasus
Chiropotes_israelita_ssp,142.2490227037317,102.63706533776299,0.3217913973513512,0.518048138168777,0.001422490227037317,0.00102637065337763,0.7215308997344025,0.7215308997344025,Chiropotes_israelita,0.0,,,,,Chiropotes israelita
Colobus_angolensis_ssp,121.33666117618351,69.32337662337662,0.6034892774565922,0.5028346971839343,0.0012133666117618352,0.0006932337662337661,0.5713308405834371,0.5713308405834371,Colobus_angolensis,3.0,0.0,0.6666666666666666,0.3333333333333333,0.0,Colobus angolensis
Colobus_guereza_ssp,178.25054036091078,87.958756698821,0.4331292339583328,0.5869575368639033,0.0017825054036091077,0.0008795875669882101,0.4934557646822697,0.4934557646822697,Colobus_guereza,5.0,0.0,0.8,0.2,0.0,Colobus guereza
Daubentonia_madagascariensis_ssp,57.99202357327658,38.40138954426188,0.37773622185653605,0.5323773067958903,0.0005799202357327658,0.0003840138954426188,0.6621839897643734,0.6621839897643734,Daubentonia_madagascariensis,3.0,0.0,0.3333333333333333,0.6666666666666666,0.0,Daubentonia madagascariensis
Erythrocebus_patas_ssp,176.77491701711773,128.23318381277423,0.3316731066641193,0.4283725715441297,0.0017677491701711774,0.0012823318381277424,0.7254037279528575,0.7254037279528575,Erythrocebus_patas,5.0,0.0,0.8,0.2,0.0,Erythrocebus patas
Eulemur_coronatus_ssp,215.53182209246566,88.23102678571429,0.41296473290830804,0.9369106980567069,0.0021553182209246564,0.0008823102678571429,0.4093642689470799,0.4093642689470799,Eulemur_coronatus,3.0,0.0,0.6666666666666666,0.3333333333333333,0.0,Eulemur coronatus
Eulemur_flavifrons_ssp,165.59921844619154,83.00872767857142,0.4100276320033069,0.8261149496982788,0.0016559921844619154,0.0008300872767857142,0.5012627985653423,0.5012627985653423,Eulemur_flavifrons,1.0,0.0,1.0,0.0,0.0,Eulemur flavifrons
Eulemur_fulvus_ssp,601.3033308629776,372.375,0.5105306598636745,0.753117521039369,0.006013033308629776,0.00372375,0.6192797892297975,0.6192797892297975,Eulemur_fulvus,3.0,0.0,0.0,1.0,0.0,Eulemur fulvus
Eulemur_macaco_ssp,219.20402784824398,110.56532738095237,0.37809653978672814,0.7491241157980212,0.00219204027848244,0.0011056532738095237,0.5043945974272758,0.5043945974272758,Eulemur_macaco,4.0,0.0,0.0,1.0,0.0,Eulemur macaco
Eulemur_rufifrons_ssp,640.3414519326066,250.96829268292683,0.437064987543994,1.0838996018146858,0.006403414519326065,0.0025096829268292683,0.39192885596502075,0.39192885596502075,Eulemur_rufifrons,,,,,,Eulemur rufifrons
Eulemur_sanfordi_ssp,430.51737930466305,156.8176747311828,0.5041038076553949,1.167528534382013,0.004305173793046631,0.001568176747311828,0.36425399361220223,0.36425399361220223,Eulemur_sanfordi,1.0,0.0,1.0,0.0,0.0,Eulemur sanfordi
Galago_moholi_ssp,163.79838212538684,62.695330739299614,0.5190217687161747,0.9528016560104244,0.0016379838212538683,0.0006269533073929961,0.3827591574824387,0.3827591574824387,Galago_moholi,3.0,0.0,1.0,0.0,0.0,Galago moholi
Galago_senegalensis_ssp,329.66884475364054,189.56153358681877,0.3259459574897693,0.5117000046341864,0.0032966884475364054,0.0018956153358681877,0.5750059085154889,0.5750059085154889,Galago_senegalensis,4.0,0.0,0.75,0.25,0.0,Galago senegalensis
Galagoides_demidoff_ssp,225.10529945281465,116.46744186046512,0.43062934200392444,0.6520827674272782,0.0022510529945281464,0.0011646744186046513,0.5173909372350356,0.5173909372350356,Galagoides_demidoff,5.0,0.2,0.6,0.2,0.0,Galagoides demidoff
Gorilla_beringei_ssp,111.82537770969591,50.26262529374456,0.6662773132356815,0.9704290120552345,0.001118253777096959,0.0005026262529374457,0.44947422779316487,0.44947422779316487,Gorilla_beringei,1.0,0.0,1.0,0.0,0.0,Gorilla beringei
Gorilla_gorilla_ssp,187.67547341439536,103.706387776905,0.5704050766783113,0.7575973921396639,0.0018767547341439535,0.0010370638777690501,0.5525835949160866,0.5525835949160866,Gorilla_gorilla,3.0,0.0,1.0,0.0,0.0,Gorilla gorilla
Hapalemur_griseus_ssp,594.665810173417,310.0989898989899,0.37594177963125935,0.6769353729398686,0.005946658101734169,0.0031009898989898988,0.5214676623304753,0.5214676623304753,Hapalemur_griseus,4.0,0.75,0.25,0.0,0.0,Hapalemur griseus
Hapalemur_meridionalis_ssp,281.86095286537807,152.68396946564886,0.5021436442113006,0.6848599731608485,0.0028186095286537806,0.0015268396946564885,0.5416996143434366,0.5416996143434366,Hapalemur_meridionalis,0.0,,,,,Hapalemur meridionalis
Hoolock_hoolock_ssp,72.68788300642132,48.47261767370159,0.5685399846500518,0.6528295917043029,0.0007268788300642131,0.0004847261767370159,0.6668596699868048,0.6668596699868048,Hoolock_hoolock,2.0,1.0,0.0,0.0,0.0,Hoolock hoolock
Hoolock_leuconedys_ssp,91.83102844801905,46.96480186480186,0.6585415055720846,1.008951205253619,0.0009183102844801906,0.00046964801864801865,0.5114262865016946,0.5114262865016946,Hoolock_leuconedys,,,,,,Hoolock leuconedys
Hylobates_agilis_ssp,234.4286590326012,160.74013605442175,0.4285578162415719,0.48828184472782077,0.0023442865903260117,0.0016074013605442176,0.6856676001890544,0.6856676001890544,Hylobates_agilis,4.0,1.0,0.0,0.0,0.0,Hylobates agilis
Hylobates_lar_ssp,207.29708138447145,113.29464480874317,0.4802452644501233,0.6572837164620655,0.0020729708138447146,0.0011329464480874317,0.5465327541134886,0.5465327541134886,Hylobates_lar,4.0,1.0,0.0,0.0,0.0,Hylobates lar
Hylobates_pileatus_ssp,84.25242484637103,53.501234567901236,0.9254915804382983,0.5717146816867393,0.0008425242484637103,0.0005350123456790124,0.6350112138072863,0.6350112138072863,Hylobates_pileatus,3.0,1.0,0.0,0.0,0.0,Hylobates pileatus
Indri_indri_ssp,340.5486609034664,159.77438423645322,0.6372865314421465,0.7762728838301519,0.003405486609034664,0.001597743842364532,0.46916755982119,0.46916755982119,Indri_indri,2.0,1.0,0.0,0.0,0.0,Indri indri
Lemur_catta_ssp,299.4163139241908,161.0647342995169,0.5384628758534905,1.1079557700744331,0.0029941631392419077,0.0016106473429951691,0.5379290533257213,0.5379290533257213,Lemur_catta,3.0,0.0,0.0,1.0,0.0,Lemur catta
Leontocebus_fuscicollis_ssp,330.8064818535527,244.42102380952377,0.3436812561088633,0.25470785958680037,0.0033080648185355274,0.0024442102380952376,0.7388640707400903,0.7388640707400903,Leontocebus_fuscicollis,3.0,0.3333333333333333,0.0,0.0,0.6666666666666666,Leontocebus fuscicollis
Leontocebus_nigricollis_ssp,151.4654214559387,68.91827956989248,0.581216726945776,0.6767475077685574,0.001514654214559387,0.0006891827956989248,0.45500998780728846,0.45500998780728846,Leontocebus_nigricollis,3.0,0.3333333333333333,0.0,0.3333333333333333,0.3333333333333333,Leontocebus nigricollis
Leontopithecus_rosalia_ssp,39.80604602032659,16.79392764857881,0.6839569000302386,0.6280542783108413,0.0003980604602032659,0.00016793927648578807,0.4218938911943966,0.4218938911943966,Leontopithecus_rosalia,5.0,0.8,0.0,0.0,0.2,Leontopithecus rosalia
Lepilemur_ankaranensis_ssp,297.43259521432674,212.86410256410255,0.413017340532272,0.6752247427510221,0.0029743259521432673,0.0021286410256410255,0.7156717387034026,0.7156717387034026,Lepilemur_ankaranensis,1.0,0.0,1.0,0.0,0.0,Lepilemur ankaranensis
Lepilemur_septentrionalis_ssp,280.87152315841337,156.65873015873015,0.4455034806717719,0.8967591893008544,0.0028087152315841336,0.0015665873015873015,0.5577593926115949,0.5577593926115949,Lepilemur_septentrionalis,1.0,0.0,1.0,0.0,0.0,Lepilemur septentrionalis
Lophocebus_aterrimus_ssp,225.54046144682695,116.9650234741784,0.31188028450227206,0.32779349306181155,0.0022554046144682696,0.001169650234741784,0.518598847957726,0.518598847957726,Lophocebus_aterrimus,4.0,0.0,0.25,0.75,0.0,Lophocebus aterrimus
Loris_lydekkerianus_ssp,126.59115131951523,107.02295081967213,0.4661345211369222,0.7043459885509361,0.0012659115131951524,0.0010702295081967213,0.845422051258124,0.845422051258124,Loris_lydekkerianus,1.0,0.0,0.0,1.0,0.0,Loris lydekkerianus
Loris_tardigradus_ssp,185.98396428571428,114.35692307692307,0.42802765133260634,0.6872694542495204,0.0018598396428571428,0.0011435692307692306,0.6148751776322202,0.6148751776322202,Loris_tardigradus,3.0,0.0,0.3333333333333333,0.6666666666666666,0.0,Loris tardigradus
Macaca_arctoides_ssp,212.90712031963,93.34699628449629,0.35545243842951985,0.38485607693504004,0.0021290712031963,0.0009334699628449629,0.4384399927271465,0.4384399927271465,Macaca_arctoides,3.0,0.0,0.0,1.0,0.0,Macaca arctoides
Macaca_assamensis_ssp,305.4264406637261,154.59983050847455,0.3117127451091047,0.4497859561570553,0.0030542644066372613,0.0015459983050847455,0.506176970705325,0.506176970705325,Macaca_assamensis,1.0,0.0,0.0,1.0,0.0,Macaca assamensis
Macaca_brunnescens_ssp,171.57831537770937,97.7358361774744,0.5235418286956823,0.6144857334153725,0.0017157831537770937,0.000977358361774744,0.569628137228883,0.569628137228883,Macaca_brunnescens,,,,,,Macaca brunnescens
Macaca_cyclopis_ssp,175.33419753086417,82.95410675381262,0.39087355789553757,0.5096232672610502,0.0017533419753086416,0.0008295410675381263,0.4731199499128524,0.4731199499128524,Macaca_cyclopis,3.0,0.0,0.6666666666666666,0.3333333333333333,0.0,Macaca cyclopis
Macaca_fascicularis_ssp,374.44414156599845,210.6934826748368,0.37723910185472675,0.47446547308282877,0.0037444414156599846,0.0021069348267483677,0.5626833465565132,0.5626833465565132,Macaca_fascicularis,3.0,0.0,0.3333333333333333,0.6666666666666666,0.0,Macaca fascicularis
Macaca_fuscata_ssp,125.63149586579586,68.18551425695749,0.39640736436554497,0.3125960407640197,0.0012563149586579585,0.0006818551425695749,0.5427421984197,0.5427421984197,Macaca_fuscata,3.0,0.0,0.0,1.0,0.0,Macaca fuscata
Macaca_hecki_ssp,206.0625729595708,113.15284100080709,0.4177140097109661,0.4449106938029279,0.002060625729595708,0.0011315284100080708,0.5491188398535989,0.5491188398535989,Macaca_hecki,,,,,,Macaca hecki
Macaca_leonina_ssp,124.97353849874861,48.91416909620991,0.5684718755815479,0.4402264928817231,0.0012497353849874862,0.0004891416909620991,0.39139620821970805,0.39139620821970805,Macaca_leonina,1.0,0.0,0.0,1.0,0.0,Macaca leonina
Macaca_leucogenys_ssp,272.55032766246865,131.2128361581921,0.3189440572982626,0.4127376305291152,0.0027255032766246865,0.001312128361581921,0.48142608113349433,0.48142608113349433,Macaca_leucogenys,,,,,,Macaca leucogenys
Macaca_maura_ssp,203.9047006196916,110.64673607748185,0.4076212864507676,0.45958282783203946,0.002039047006196916,0.0011064673607748185,0.542639457262205,0.542639457262205,Macaca_maura,1.0,0.0,0.0,1.0,0.0,Macaca maura
Macaca_mulatta_ssp,288.7296912408029,167.2993818106196,0.30407797401067876,0.3721324550437067,0.0028872969124080286,0.0016729938181061959,0.5794325519196104,0.5794325519196104,Macaca_mulatta,4.0,0.0,0.0,1.0,0.0,Macaca mulatta
Macaca_nemestrina_ssp,320.2187967037373,181.92884136235892,0.3886682140411971,0.42311499309517303,0.0032021879670373734,0.0018192884136235892,0.5681391699522166,0.5681391699522166,Macaca_nemestrina,3.0,0.0,0.0,1.0,0.0,Macaca nemestrina
Macaca_nigra_ssp,164.01814991549855,89.08851008878126,0.44734369361002546,0.4706597214238214,0.0016401814991549855,0.0008908851008878126,0.5431625105799528,0.5431625105799528,Macaca_nigra,3.0,0.0,0.0,1.0,0.0,Macaca nigra
Macaca_radiata_ssp,135.32038178796,47.1822122950248,0.44276621174606384,0.4947797252456133,0.0013532038178796,0.00047182212295024796,0.348670404795021,0.348670404795021,Macaca_radiata,2.0,0.0,0.0,1.0,0.0,Macaca radiata
Macaca_silenus_ssp,69.294200634305,38.96523517029024,0.6247396855253513,0.3647336276318633,0.00069294200634305,0.0003896523517029024,0.5623159631485812,0.5623159631485812,Macaca_silenus,2.0,0.0,0.5,0.5,0.0,Macaca silenus
Macaca_sylvanus_ssp,35.2359027909626,17.080398671096344,1.3017898088982087,2.425531585333426,0.000352359027909626,0.00017080398671096345,0.48474417620079174,0.48474417620079174,Macaca_sylvanus,3.0,0.0,0.0,1.0,0.0,Macaca sylvanus
Macaca_thibetana_ssp,95.31736622406812,31.64358108108108,0.6911313827482877,0.9834859702009919,0.0009531736622406812,0.0003164358108108108,0.3319812782771888,0.3319812782771888,Macaca_thibetana,1.0,0.0,0.0,1.0,0.0,Macaca thibetana
Macaca_tonkeana_ssp,255.4288004953686,159.2691878516963,0.37821555330348205,0.3610966757501314,0.002554288004953686,0.001592691878516963,0.6235365297210647,0.6235365297210647,Macaca_tonkeana,1.0,0.0,1.0,0.0,0.0,Macaca tonkeana
Mandrillus_leucophaeus_ssp,207.86130862804112,59.972575250836115,0.501348915077434,0.7846862582104095,0.002078613086280411,0.0005997257525083611,0.28852207102262817,0.28852207102262817,Mandrillus_leucophaeus,3.0,0.0,1.0,0.0,0.0,Mandrillus leucophaeus
Mandrillus_sphinx_ssp,416.4902297410192,140.4220735785953,0.35622467868993285,0.6577645911261456,0.004164902297410192,0.001404220735785953,0.3371557447239811,0.3371557447239811,Mandrillus_sphinx,4.0,0.0,0.75,0.25,0.0,Mandrillus sphinx
Mico_argentatus_ssp,134.228569862454,71.69176573426574,0.4040157575970598,0.40510439431621786,0.00134228569862454,0.0007169176573426575,0.5341021349458566,0.5341021349458566,Mico_argentatus,1.0,1.0,0.0,0.0,0.0,Mico argentatus
Mico_humeralifer_ssp,130.42296006115038,73.75771929824562,0.48430619196472313,0.4942998422145198,0.0013042296006115037,0.0007375771929824562,0.5655271070650706,0.5655271070650706,Mico_humeralifer,2.0,1.0,0.0,0.0,0.0,Mico humeralifer
Microcebus_griseorufus_ssp,506.7335448675128,196.5797752808989,0.42673375272855857,0.9147359284445359,0.005067335448675128,0.001965797752808989,0.38793519251285274,0.38793519251285274,Microcebus_griseorufus,,,,,,Microcebus griseorufus
Microcebus_mittermeieri_ssp,636.2020987377698,266.0345098039216,0.4342440111454087,0.8545763161269986,0.006362020987377698,0.002660345098039216,0.4181603775462801,0.4181603775462801,Microcebus_mittermeieri,,,,,,Microcebus mittermeieri
Microcebus_murinus_ssp,381.9411845096622,130.13684142050113,0.4452064749792658,1.0037771879592037,0.003819411845096622,0.0013013684142050112,0.34072482020385253,0.34072482020385253,Microcebus_murinus,4.0,0.0,0.5,0.5,0.0,Microcebus murinus
Microcebus_tavaratra_ssp,280.9767776777678,122.35494071146245,0.4118857977338757,0.8488128492937954,0.002809767776777678,0.0012235494071146246,0.43546282266708386,0.43546282266708386,Microcebus_tavaratra,,,,,,Microcebus tavaratra
Miopithecus_ogouensis_ssp,124.89923658965006,70.96138059701494,0.37693023874348,0.42646191715737597,0.0012489923658965006,0.0007096138059701493,0.5681490338500215,0.5681490338500215,Miopithecus_ogouensis,1.0,0.0,0.0,1.0,0.0,Miopithecus ogouensis
Mirza_coquereli_ssp,112.33155136268344,32.71625615763546,0.6116001712868022,1.0223387442521756,0.0011233155136268344,0.00032716256157635463,0.29124725654330996,0.29124725654330996,Mirza_coquereli,3.0,0.0,0.3333333333333333,0.6666666666666666,0.0,Mirza coquereli
Mirza_zaza_ssp,103.03595197761864,45.544104803493454,0.5668267392328127,1.035325163578711,0.0010303595197761863,0.00045544104803493454,0.44202148793060597,0.44202148793060597,Mirza_zaza,3.0,0.0,0.0,1.0,0.0,Mirza zaza
Nasalis_larvatus_ssp,112.31876002762037,55.89542066027689,0.4401203454475999,0.7802995038789524,0.0011231876002762036,0.0005589542066027689,0.49764990858634495,0.49764990858634495,Nasalis_larvatus,5.0,0.0,0.8,0.2,0.0,Nasalis larvatus
Nomascus_gabriellae_ssp,153.4645861470191,84.29039145907473,0.4642098552253604,0.5889412598571973,0.001534645861470191,0.0008429039145907473,0.5492497883409043,0.5492497883409043,Nomascus_gabriellae,2.0,1.0,0.0,0.0,0.0,Nomascus gabriellae
Nomascus_siki_ssp,189.42598984445303,116.29750889679715,0.5038191039049053,0.5882785770075952,0.0018942598984445303,0.0011629750889679716,0.6139469509558575,0.6139469509558575,Nomascus_siki,2.0,1.0,0.0,0.0,0.0,Nomascus siki
Nycticebus_bengalensis_ssp,154.12154504414792,79.45901775523069,0.49849116882327765,0.8235030887642821,0.0015412154504414791,0.0007945901775523069,0.5155607396257919,0.5155607396257919,Nycticebus_bengalensis,2.0,0.0,0.0,1.0,0.0,Nycticebus bengalensis
Nycticebus_coucang_ssp,165.65884795210292,83.03207547169812,0.506891981817816,0.9132684880638011,0.001656588479521029,0.0008303207547169812,0.501223306199167,0.501223306199167,Nycticebus_coucang,3.0,0.0,0.3333333333333333,0.6666666666666666,0.0,Nycticebus coucang
Otolemur_crassicaudatus_ssp,160.42123886649748,114.0417288557214,0.3235851232331049,0.47015072739593083,0.0016042123886649748,0.001140417288557214,0.7108892167989483,0.7108892167989483,Otolemur_crassicaudatus,3.0,0.3333333333333333,0.6666666666666666,0.0,0.0,Otolemur crassicaudatus
Otolemur_garnettii_ssp,223.76577767828272,118.20211442786069,0.479771973934375,0.8502143796144263,0.002237657776782827,0.001182021144278607,0.5282403576377294,0.5282403576377294,Otolemur_garnettii,3.0,0.0,0.3333333333333333,0.6666666666666666,0.0,Otolemur garnettii
Pan_paniscus_ssp,83.33706887600006,54.57221795833824,0.4590911580422181,0.43945446659134735,0.0008333706887600006,0.0005457221795833825,0.6548372614297009,0.6548372614297009,Pan_paniscus,2.0,0.0,0.0,1.0,0.0,Pan paniscus
Pan_troglodytes_ssp,174.90967494163704,119.41809272328037,0.3882101882954593,0.38301124796937464,0.0017490967494163704,0.0011941809272328038,0.6827414936488058,0.6827414936488058,Pan_troglodytes,3.0,0.0,0.0,1.0,0.0,Pan troglodytes
Papio_anubis_ssp,200.57369115266624,90.57928831781028,0.36578919734024895,0.36449046529779877,0.0020057369115266625,0.0009057928831781028,0.4516010439717443,0.4516010439717443,Papio_anubis,3.0,0.0,0.0,1.0,0.0,Papio anubis
Papio_cynocephalus_ssp,280.62560154073105,148.48579378527796,0.32620255195310666,0.3971173199885032,0.0028062560154073104,0.0014848579378527796,0.5291241888482017,0.5291241888482017,Papio_cynocephalus,4.0,0.0,0.0,1.0,0.0,Papio cynocephalus
Papio_hamadryas_ssp,160.2304969578954,69.80101569345447,0.41764669506291835,0.4837597095844085,0.0016023049695789542,0.0006980101569345448,0.43562877865751387,0.43562877865751387,Papio_hamadryas,4.0,0.0,1.0,0.0,0.0,Papio hamadryas
Papio_kindae_ssp,263.5970308995708,101.07888921409095,0.33486561928309044,0.4461515979804477,0.0026359703089957084,0.0010107888921409094,0.38345989281116566,0.38345989281116566,Papio_kindae,1.0,0.0,0.0,1.0,0.0,Papio kindae
Papio_papio_ssp,49.00721169112283,17.006277419763336,0.7057384369855411,0.6889779739384604,0.0004900721169112283,0.00017006277419763337,0.34701581324292835,0.34701581324292835,Papio_papio,3.0,0.0,0.0,1.0,0.0,Papio papio
Papio_ursinus_ssp,203.56429322617214,77.67372065727699,0.38925594593879476,0.48995208770773896,0.002035642932261721,0.0007767372065727698,0.38156849330632275,0.38156849330632275,Papio_ursinus,3.0,0.0,0.0,1.0,0.0,Papio ursinus
Perodicticus_potto_ssp,303.20342342342343,249.07207207207207,0.3598599931924403,0.5449822222162467,0.0030320342342342343,0.0024907207207207206,0.8214685350839296,0.8214685350839296,Perodicticus_potto,4.0,0.0,0.75,0.25,0.0,Perodicticus potto
Pithecia_albicans_ssp,133.9934139194139,89.58069498069499,0.3532636529215255,0.5172382797481205,0.0013399341391941392,0.0008958069498069499,0.6685455080245246,0.6685455080245246,Pithecia_albicans,1.0,1.0,0.0,0.0,0.0,Pithecia albicans
Pithecia_hirsuta_ssp,146.55524236874234,86.87027027027027,0.29079985565867755,0.44081615308444544,0.0014655524236874234,0.0008687027027027027,0.5927476142525091,0.5927476142525091,Pithecia_hirsuta,1.0,1.0,0.0,0.0,0.0,Pithecia hirsuta
Pithecia_mittermeieri_ssp,84.31267338217339,39.527413127413126,0.44105786381116785,0.7709652195886539,0.0008431267338217339,0.00039527413127413125,0.4688193546922993,0.4688193546922993,Pithecia_mittermeieri,1.0,1.0,0.0,0.0,0.0,Pithecia mittermeieri
Pithecia_pithecia_ssp,143.68932149048,71.10674388674387,0.3033919989914407,0.5270027818567393,0.0014368932149048002,0.0007110674388674387,0.494864497578235,0.494864497578235,Pithecia_pithecia,5.0,0.6,0.2,0.2,0.0,Pithecia pithecia
Plecturocebus_bernhardi_ssp,389.0774605487555,261.2072570725707,0.2758046476884576,0.33331730232896234,0.0038907746054875547,0.002612072570725707,0.6713502671271772,0.6713502671271772,Plecturocebus_bernhardi,1.0,1.0,0.0,0.0,0.0,Plecturocebus bernhardi
Plecturocebus_brunneus_ssp,174.9562166742223,91.36752767527675,0.3864612894939894,0.5278971277398872,0.001749562166742223,0.0009136752767527675,0.522230815298252,0.522230815298252,Plecturocebus_brunneus,2.0,1.0,0.0,0.0,0.0,Plecturocebus brunneus
Plecturocebus_caligatus_ssp,215.97462657613966,131.60024600246,0.35670976733446713,0.46065629999324337,0.0021597462657613965,0.0013160024600246002,0.6093319761155632,0.6093319761155632,Plecturocebus_caligatus,1.0,1.0,0.0,0.0,0.0,Plecturocebus caligatus
Plecturocebus_cinerascens_ssp,281.72333830329745,128.6066176470588,0.3922373826275835,0.4696476517331609,0.0028172333830329744,0.0012860661764705881,0.4564996937122888,0.4564996937122888,Plecturocebus_cinerascens,1.0,1.0,0.0,0.0,0.0,Plecturocebus cinerascens
Plecturocebus_cupreus_ssp,197.90623519985965,123.69670708135651,0.3290814856690676,0.43394043942264976,0.0019790623519985967,0.0012369670708135651,0.625026831299372,0.625026831299372,Plecturocebus_cupreus,2.0,1.0,0.0,0.0,0.0,Plecturocebus cupreus
Plecturocebus_dubius_ssp,237.36457742833105,132.7569003690037,0.3294496409943564,0.5192613083083278,0.0023736457742833104,0.0013275690036900368,0.5592953329739683,0.5592953329739683,Plecturocebus_dubius,1.0,1.0,0.0,0.0,0.0,Plecturocebus dubius
Plecturocebus_miltoni_ssp,170.16289485632743,90.55037037037036,0.4264414567502069,0.55576093789523,0.0017016289485632743,0.0009055037037037036,0.5321393388777511,0.5321393388777511,Plecturocebus_miltoni,1.0,1.0,0.0,0.0,0.0,Plecturocebus miltoni
Plecturocebus_moloch_ssp,110.44657339033553,51.60220588235294,0.7052733363890985,0.6614284875354441,0.0011044657339033552,0.0005160220588235294,0.46721418599364456,0.46721418599364456,Plecturocebus_moloch,2.0,1.0,0.0,0.0,0.0,Plecturocebus moloch
Pongo_abelii_ssp,262.873298666373,161.28794597992055,0.464355732936899,0.5818871305694997,0.00262873298666373,0.0016128794597992054,0.6135577359822307,0.6135577359822307,Pongo_abelii,3.0,0.0,0.6666666666666666,0.3333333333333333,0.0,Pongo abelii
Pongo_pygmaeus_ssp,189.872258764917,68.19846071997976,0.5151058364139465,0.7284191224261046,0.00189872258764917,0.0006819846071997977,0.3591807521730547,0.3591807521730547,Pongo_pygmaeus,5.0,0.0,0.6,0.4,0.0,Pongo pygmaeus
Presbytis_comata_ssp,110.20431324850298,47.66245847176079,0.6524887833396433,0.5331908188495796,0.00110204313248503,0.0004766245847176079,0.43249176975755294,0.43249176975755294,Presbytis_comata,2.0,0.0,1.0,0.0,0.0,Presbytis comata
Presbytis_melalophos_ssp,164.47368733220955,72.44066666666667,0.5646731134277336,0.5942511200307883,0.0016447368733220956,0.0007244066666666667,0.4404392449738696,0.4404392449738696,Presbytis_melalophos,4.0,0.0,0.75,0.25,0.0,Presbytis melalophos
Prolemur_simus_ssp,268.66111548556427,168.9669696969697,0.41034293275585004,0.7124470550301703,0.002686611154855643,0.001689669696969697,0.6289223112603679,0.6289223112603679,Prolemur_simus,2.0,0.0,1.0,0.0,0.0,Prolemur simus
Propithecus_coquereli_ssp,434.71282378440947,219.4829152148664,0.5439680789729043,0.712825552925887,0.004347128237844095,0.002194829152148664,0.5048917427927461,0.5048917427927461,Propithecus_coquereli,2.0,0.0,0.0,0.0,1.0,Propithecus coquereli
Propithecus_diadema_ssp,319.66649865181114,192.7931451612903,0.5026601169167341,0.56499081508732,0.0031966649865181112,0.001927931451612903,0.6031071318839873,0.6031071318839873,Propithecus_diadema,2.0,0.0,0.5,0.0,0.5,Propithecus diadema
Propithecus_edwardsi_ssp,144.46265538015712,53.31164658634538,0.7365519549788198,1.0093466875550006,0.001444626553801571,0.0005331164658634539,0.3690341039769374,0.3690341039769374,Propithecus_edwardsi,1.0,1.0,0.0,0.0,0.0,Propithecus edwardsi
Propithecus_tattersalli_ssp,156.38331308931822,85.4347619047619,0.5089518228687467,0.9563579945441079,0.0015638331308931823,0.000854347619047619,0.5463163570141649,0.5463163570141649,Propithecus_tattersalli,3.0,0.3333333333333333,0.3333333333333333,0.3333333333333333,0.0,Propithecus tattersalli
Pygathrix_cinerea_ssp,161.43549266767232,95.34078431372549,0.3596630288953504,0.32206820149557613,0.0016143549266767231,0.000953407843137255,0.5905813073584258,0.5905813073584258,Pygathrix_cinerea,2.0,0.0,0.5,0.5,0.0,Pygathrix cinerea
Pygathrix_nemaeus_ssp,146.50074819701214,71.60954434272466,0.38986414291416166,0.41739758436567703,0.0014650074819701215,0.0007160954434272466,0.4887998540896539,0.4887998540896539,Pygathrix_nemaeus,3.0,0.0,0.6666666666666666,0.3333333333333333,0.0,Pygathrix nemaeus
Pygathrix_nigripes_ssp,154.61695090920375,92.0924342105263,0.38152187018387723,0.32580621995061004,0.0015461695090920374,0.0009209243421052631,0.5956166750733952,0.5956166750733952,Pygathrix_nigripes,1.0,0.0,1.0,0.0,0.0,Pygathrix nigripes
Rhinopithecus_avunculus_ssp,38.86190236029857,21.038255033557046,1.06965679558538,0.938006555709728,0.0003886190236029857,0.00021038255033557047,0.5413593714097173,0.5413593714097173,Rhinopithecus_avunculus,,,,,,Rhinopithecus avunculus
Rhinopithecus_bieti_ssp,35.626308451308454,16.474675324675324,0.8533890360938987,0.9311371055155947,0.0003562630845130845,0.00016474675324675323,0.4624300423152671,0.4624300423152671,Rhinopithecus_bieti,2.0,0.0,1.0,0.0,0.0,Rhinopithecus bieti
Rhinopithecus_roxellana_ssp,68.88896407787404,40.055124056094925,0.48934847736380016,0.38212390328068835,0.0006888896407787403,0.0004005512405609493,0.5814447145817939,0.5814447145817939,Rhinopithecus_roxellana,3.0,0.0,0.6666666666666666,0.3333333333333333,0.0,Rhinopithecus roxellana
Rhinopithecus_strykeri_ssp,16.16710259716338,7.822222222222222,1.442310206365137,1.105771846280906,0.0001616710259716338,7.822222222222222e-05,0.48383575072967494,0.48383575072967494,Rhinopithecus_strykeri,,,,,,Rhinopithecus strykeri
Saguinus_bicolor_ssp,91.69599995801583,36.057208765859286,0.6888775852995129,0.7126252457574533,0.0009169599995801583,0.00036057208765859287,0.3932255363632932,0.3932255363632932,Saguinus_bicolor,3.0,0.3333333333333333,0.0,0.0,0.6666666666666666,Saguinus bicolor
Saguinus_imperator_ssp,191.83977951455077,84.19010600706713,0.6087855456590887,0.6494660381265628,0.0019183977951455077,0.0008419010600706712,0.4388563530468478,0.4388563530468478,Saguinus_imperator,4.0,0.25,0.0,0.0,0.75,Saguinus imperator
Saguinus_labiatus_ssp,127.79735313447391,83.19505300353357,0.4959858062157814,0.2924055632071525,0.001277973531344739,0.0008319505300353357,0.6509919881986299,0.6509919881986299,Saguinus_labiatus,6.0,0.5,0.0,0.0,0.5,Saguinus labiatus
Saguinus_midas_ssp,251.43575720259105,156.9109239766082,0.37260244500543865,0.2843664378640503,0.0025143575720259106,0.001569109239766082,0.6240597030524154,0.6240597030524154,Saguinus_midas,5.0,0.4,0.0,0.0,0.6,Saguinus midas
Saguinus_oedipus_ssp,60.68335433921498,21.755172413793105,0.8096205684567096,0.9004705648009628,0.0006068335433921498,0.00021755172413793103,0.35850312908188087,0.35850312908188087,Saguinus_oedipus,5.0,0.6,0.0,0.2,0.2,Saguinus oedipus
Saimiri_boliviensis_ssp,80.47869910666203,23.86644526445264,0.5548635269312411,1.1138319451580794,0.0008047869910666203,0.0002386644526445264,0.2965560518420081,0.2965560518420081,Saimiri_boliviensis,2.0,0.0,0.0,1.0,0.0,Saimiri boliviensis
Saimiri_cassiquiarensis_ssp,142.12948387655456,56.20791153495951,0.3711013357668252,0.630695271135386,0.0014212948387655455,0.000562079115349595,0.3954697505535055,0.3954697505535055,Saimiri_cassiquiarensis,1.0,0.0,0.0,1.0,0.0,Saimiri cassiquiarensis
Saimiri_macrodon_ssp,198.32781728395062,116.63173431734317,0.30444176132327155,0.394502852405704,0.0019832781728395064,0.0011663173431734318,0.5880755201896806,0.5880755201896806,Saimiri_macrodon,1.0,0.0,0.0,1.0,0.0,Saimiri macrodon
Saimiri_sciureus_ssp,76.67963149980925,33.186715867158675,0.6141468752006828,0.7499881131907046,0.0007667963149980924,0.00033186715867158673,0.432797018165655,0.432797018165655,Saimiri_sciureus,3.0,0.0,0.0,1.0,0.0,Saimiri sciureus
Saimiri_ustus_ssp,122.61276837487242,79.80815381010954,0.35954185218375134,0.4662211892735716,0.0012261276837487241,0.0007980815381010954,0.6508959455683001,0.6508959455683001,Saimiri_ustus,1.0,0.0,0.0,1.0,0.0,Saimiri ustus
Sapajus_apella_ssp,188.6755466561587,72.95007798381225,0.39377124889309617,0.6136995967506965,0.001886755466561587,0.0007295007798381225,0.3866429925694403,0.3866429925694403,Sapajus_apella,4.0,0.0,0.5,0.5,0.0,Sapajus apella
Semnopithecus_entellus_ssp,221.7898803650492,143.3888505747126,0.3091593772606393,0.373118044519769,0.0022178988036504923,0.001433888505747126,0.6465076329844512,0.6465076329844512,Semnopithecus_entellus,6.0,0.0,0.6666666666666666,0.3333333333333333,0.0,Semnopithecus entellus
Semnopithecus_hypoleucos_ssp,220.89702084690256,153.41892720306512,0.33720680972808564,0.4442278016299118,0.0022089702084690257,0.0015341892720306513,0.694526918538188,0.694526918538188,Semnopithecus_hypoleucos,1.0,0.0,1.0,0.0,0.0,Semnopithecus hypoleucos
Semnopithecus_priam_ssp,166.81296366628686,91.48172413793104,0.6814202163224216,0.7610459335470884,0.0016681296366628687,0.0009148172413793104,0.5484089613139559,0.5484089613139559,Semnopithecus_priam,1.0,0.0,1.0,0.0,0.0,Semnopithecus priam
Semnopithecus_schistaceus_ssp,64.6092715580856,25.532873563218388,0.775709738193565,0.9758712944449791,0.000646092715580856,0.0002553287356321839,0.39518900225122644,0.39518900225122644,Semnopithecus_schistaceus,1.0,0.0,1.0,0.0,0.0,Semnopithecus schistaceus
Symphalangus_syndactylus_ssp,170.76437156245476,108.59686832740212,0.5120616371755298,0.5400850017031055,0.0017076437156245475,0.0010859686832740212,0.635945703039608,0.635945703039608,Symphalangus_syndactylus,3.0,1.0,0.0,0.0,0.0,Symphalangus syndactylus
Theropithecus_gelada_ssp,109.36698035718125,73.3723648191517,0.4344500761587366,0.7828654458379026,0.0010936698035718124,0.000733723648191517,0.6708822405037164,0.6708822405037164,Theropithecus_gelada,4.0,0.0,1.0,0.0,0.0,Theropithecus gelada
Trachypithecus_auratus_ssp,103.954176132778,59.52602739726027,0.5207652019038694,0.29377938254973623,0.00103954176132778,0.0005952602739726028,0.5726179515984928,0.5726179515984928,Trachypithecus_auratus,2.0,0.0,1.0,0.0,0.0,Trachypithecus auratus
Trachypithecus_francoisi_ssp,83.33178055923727,47.02084078497605,0.47732224982470867,0.35326392352670116,0.0008333178055923727,0.00047020840784976054,0.5642606034506942,0.5642606034506942,Trachypithecus_francoisi,2.0,0.0,1.0,0.0,0.0,Trachypithecus francoisi
Trachypithecus_geei_ssp,48.58083527951356,25.314782775855438,0.7685354204095947,0.7646797858528244,0.00048580835279513556,0.00025314782775855436,0.5210857868170626,0.5210857868170626,Trachypithecus_geei,1.0,0.0,1.0,0.0,0.0,Trachypithecus geei
Trachypithecus_johnii_ssp,203.03603474065648,115.75937499999999,0.39294581590142613,0.4590182573631772,0.0020303603474065646,0.00115759375,0.5701420200993514,0.5701420200993514,Trachypithecus_johnii,,,,,,Trachypithecus johnii
Trachypithecus_obscurus_ssp,172.14651273148147,73.9217067583047,0.4184651036658109,0.4664099960303951,0.0017214651273148147,0.0007392170675830469,0.4294115842683939,0.4294115842683939,Trachypithecus_obscurus,4.0,0.0,0.75,0.25,0.0,Trachypithecus obscurus
Trachypithecus_phayrei_ssp,220.12212819381406,124.57549446353569,0.28234318310743084,0.34196832445581915,0.0022012212819381405,0.0012457549446353569,0.5659380794003996,0.5659380794003996,Trachypithecus_phayrei,3.0,0.0,0.6666666666666666,0.3333333333333333,0.0,Trachypithecus phayrei
Trachypithecus_pileatus_ssp,110.56826892569326,58.899885057471266,0.5174051488426907,0.6136281626064961,0.0011056826892569325,0.0005889988505747126,0.5327015212389241,0.5327015212389241,Trachypithecus_pileatus,2.0,0.0,1.0,0.0,0.0,Trachypithecus pileatus
Trachypithecus_poliocephalus_ssp,65.47410259214193,37.84457409219395,0.5219399577734644,0.4021941300835447,0.0006547410259214193,0.0003784457409219395,0.5780082902081041,0.5780082902081041,Trachypithecus_poliocephalus,,,,,,Trachypithecus poliocephalus
Trachypithecus_vetulus_ssp,231.94582700582131,133.90834294502113,0.35164362015641126,0.4263002403745697,0.002319458270058213,0.0013390834294502113,0.5773259414650316,0.5773259414650316,Trachypithecus_vetulus,,,,,,Trachypithecus vetulus
Varecia_variegata_ssp,211.00229154903064,119.89319371727748,0.3381618685317303,0.5099474584649273,0.0021100229154903064,0.0011989319371727748,0.568208017254722,0.568208017254722,Varecia_variegata,5.0,0.6,0.0,0.2,0.2,Varecia variegata
Xanthonycticebus_pygmaeus_ssp,74.96135113268608,41.64405099150141,0.7591279068410017,1.4298001020034397,0.0007496135113268607,0.0004164405099150141,0.5555402932611093,0.5555402932611093,Xanthonycticebus_pygmaeus,,,,,,Xanthonycticebus pygmaeus
