species,aut,chrX,CV_aut,CV_x,Autosomal Pi per base,ChrX Pi per base,X_a_ratio,X/A ratio,binomial_name,Strategy_count,Monogamous_strategy,Polygynous_strategy,Polygynandrous_strategy,Polyandrous_strategy,Binomial name,imputed_body,imputed_testes,log_body,log_testes,testes_residual
Allenopithecus_nigroviridis_ssp,138.04957897069414,76.07205845301083,0.42967562112682356,0.8425479152290398,0.0013804957897069414,0.0007607205845301082,0.551048826227567,0.551048826227567,Allenopithecus_nigroviridis,1.0,0.0,0.0,1.0,0.0,Allenopithecus nigroviridis,6130.0,16.96,8.720950028930258,2.830857630363757,0.3499951357596771
Allochrocebus_lhoesti_ssp,271.2446625094048,98.28991712707182,0.5120985009698082,0.921960924777576,0.002712446625094048,0.000982899171270718,0.3623662719028207,0.3623662719028207,Allochrocebus_lhoesti,3.0,0.0,1.0,0.0,0.0,Allochrocebus lhoesti,5620.556590540564,9.222907521492889,8.634185975446584,2.2216903372590298,-0.20426932291216904
Allochrocebus_preussi_ssp,264.8506645218124,105.87612456747405,0.698784027180309,0.9590029532170253,0.002648506645218124,0.0010587612456747406,0.39975782110508684,0.39975782110508684,Allochrocebus_preussi,1.0,0.0,1.0,0.0,0.0,Allochrocebus preussi,5620.556590540564,9.222907521492889,8.634185975446584,2.2216903372590298,-0.20426932291216904
Alouatta_belzebul_ssp,510.1693783288948,366.218989280245,0.266828554995135,0.2682744856065481,0.0051016937832889485,0.00366218989280245,0.7178380452386772,0.7178380452386772,Alouatta_belzebul,1.0,0.0,1.0,0.0,0.0,Alouatta belzebul,7444.540712464123,13.336266617166194,8.915236252478303,2.5904871375376564,-0.013316413134712324
Alouatta_discolor_ssp,206.42969790279628,108.08673338465485,0.6049361355610321,0.623321480528948,0.0020642969790279626,0.0010808673338465484,0.5236006954558969,0.5236006954558969,Alouatta_discolor,1.0,0.0,1.0,0.0,0.0,Alouatta discolor,7444.540712464123,13.336266617166194,8.915236252478303,2.5904871375376564,-0.013316413134712324
Alouatta_juara_ssp,200.70527820571542,108.63522494887526,0.5616809478282887,0.6256525719980296,0.0020070527820571543,0.0010863522494887526,0.5412674042260524,0.5412674042260524,Alouatta_juara,0.0,,,,,Alouatta juara,7237.296925062431,10.533900427627547,8.887003062774289,2.3545986685414464,-0.23133939432123407
Alouatta_macconnelli_ssp,200.94274863539644,110.93345912637643,0.495992139661051,0.5188226490774088,0.0020094274863539643,0.0011093345912637643,0.5520650029907836,0.5520650029907836,Alouatta_macconnelli,1.0,0.0,1.0,0.0,0.0,Alouatta macconnelli,7399.60644396465,12.51611632017035,8.909182094529962,2.5270171194811186,-0.07295546181946033
Alouatta_palliata_ssp,34.149022699921154,20.06441717791411,2.6137733170188757,2.4997640135764296,0.00034149022699921154,0.00020064417177914108,0.5875546528586435,0.5875546528586435,Alouatta_palliata,4.0,0.0,0.5,0.5,0.0,Alouatta palliata,7150.0,25.27,8.874867635688053,3.2296179214001026,0.6513589527859782
Alouatta_seniculus_ssp,299.8238021430716,203.3257791001806,0.34701906494092893,0.32908013963967175,0.002998238021430716,0.002033257791001806,0.6781508927805421,0.6781508927805421,Alouatta_seniculus,4.0,0.0,0.75,0.25,0.0,Alouatta seniculus,6690.0,3.85,8.808369153122273,1.3480731482996928,-1.1881066984689554
Aotus_azarai_ssp,153.6066843611401,70.52819836722885,0.5896604939342164,0.7595617060527943,0.0015360668436114012,0.0007052819836722886,0.4591479769292598,0.4591479769292598,Aotus_azarai,,,,,,Aotus azarai,880.895,0.85,6.780938436086473,-0.16251892949777494,-1.4157747021566147
Aotus_griseimembra_ssp,153.2161979858122,122.65794718485301,0.5798317326675626,0.7274370455608595,0.001532161979858122,0.00122657947184853,0.8005546985065582,0.8005546985065582,Aotus_griseimembra,2.0,1.0,0.0,0.0,0.0,Aotus griseimembra,881.1146536144578,0.8447289156626504,6.781187757780193,-0.16873951296214287,-1.4221530521973618
Aotus_nancymaae_ssp,453.5101344832709,277.5928656500146,0.4622911382410092,0.4917285547642561,0.004535101344832709,0.002775928656500146,0.6120984836784379,0.6120984836784379,Aotus_nancymaae,,,,,,Aotus nancymaae,880.8949999999999,0.85,6.780938436086473,-0.16251892949777494,-1.4157747021566147
Aotus_trivirgatus_ssp,109.36358883616182,40.10163204747774,1.2794446445022198,1.816998047034671,0.0010936358883616183,0.00040101632047477744,0.3666817491473713,0.3666817491473713,Aotus_trivirgatus,3.0,1.0,0.0,0.0,0.0,Aotus trivirgatus,866.31,1.2,6.764242812174732,0.1823215567939546,-1.0603695057277267
Aotus_vociferans_ssp,327.71749320697637,186.00149700598803,0.42652917486364944,0.5751132946721179,0.0032771749320697637,0.0018600149700598802,0.5675665805502642,0.5675665805502642,Aotus_vociferans,2.0,1.0,0.0,0.0,0.0,Aotus vociferans,883.0281802721088,0.7988095238095237,6.78335711433266,-0.2246327548656776,-1.4794190264577178
Arctocebus_calabarensis_ssp,74.52461915125136,62.08630393996248,0.8877739519579164,1.1374914277018648,0.0007452461915125136,0.0006208630393996248,0.8330979030426883,0.8330979030426883,Arctocebus_calabarensis,3.0,0.0,1.0,0.0,0.0,Arctocebus calabarensis,,,,,
Ateles_belzebuth_ssp,267.0312784736105,163.18852258852257,0.47187812367333654,0.6015645951534049,0.002670312784736105,0.0016318852258852257,0.6111213769462958,0.6111213769462958,Ateles_belzebuth,3.0,0.0,0.0,1.0,0.0,Ateles belzebuth,8201.924198250728,33.25778425655977,9.012124064047645,3.5042888526809373,0.8391763236520329
Ateles_chamek_ssp,282.58774516048817,170.31912257260498,0.35047994180401615,0.5251864491493872,0.0028258774516048816,0.0017031912257260498,0.6027123450660494,0.6027123450660494,Ateles_chamek,1.0,0.0,0.0,1.0,0.0,Ateles chamek,8446.824224519942,44.78395864106351,9.041545818291134,3.8018500092522958,1.118119888754372
Ateles_geoffroyi_ssp,211.41726214753783,134.5285399853265,0.41776718413847974,0.5174839869190537,0.002114172621475378,0.001345285399853265,0.6363176715979113,0.6363176715979113,Ateles_geoffroyi,3.0,0.0,0.0,1.0,0.0,Ateles geoffroyi,7780.0,13.4,8.959311617172437,2.5952547069568657,-0.036438993532284414
Ateles_marginatus_ssp,178.1666190922807,112.74780058651027,0.6862427237654646,0.8790055518503991,0.0017816661909228072,0.0011274780058651026,0.632822248976465,0.632822248976465,Ateles_marginatus,1.0,0.0,1.0,0.0,0.0,Ateles marginatus,8446.824224519942,44.78395864106351,9.041545818291134,3.8018500092522958,1.118119888754372
Ateles_paniscus_ssp,106.1596150181056,63.6990434142752,0.5546976699636843,0.6468427929907518,0.001061596150181056,0.0006369904341427521,0.6000308441530359,0.6000308441530359,Ateles_paniscus,4.0,0.0,0.0,1.0,0.0,Ateles paniscus,8860.0,64.23,9.089302043599126,4.162470391269701,1.4485209342383878
Avahi_peyrierasi_ssp,216.54819672131148,117.28240252897787,0.6486201239417752,0.8278219452515153,0.0021654819672131146,0.0011728240252897788,0.5415995344441286,0.5415995344441286,Avahi_peyrierasi,1.0,1.0,0.0,0.0,0.0,Avahi peyrierasi,1075.6000000000001,2.09,6.980633924394709,0.7371640659767196,-0.6424556545541931
Brachyteles_hypoxanthus_ssp,315.8701788938126,192.62940735183795,0.5283608508338898,0.5814755314496324,0.0031587017889381256,0.0019262940735183796,0.6098372693061189,0.6098372693061189,Brachyteles_hypoxanthus,1.0,0.0,0.0,1.0,0.0,Brachyteles hypoxanthus,9610.0,78.35,9.170559501964338,4.36118596880203,1.595818158156089
Cacajao_ayresi_ssp,54.808794721105265,42.867736045905055,1.0197705145273945,1.2237516363723695,0.0005480879472110527,0.00042867736045905055,0.7821324344758478,0.7821324344758478,Cacajao_ayresi,0.0,,,,,Cacajao ayresi,3450.0,5.8,8.146129510025405,1.7578579175523736,-0.35926781613614
Cacajao_calvus_ssp,141.22676399133587,119.40119119804102,0.3737017948521987,0.4353212634181512,0.0014122676399133587,0.0011940119119804103,0.845457247787439,0.845457247787439,Cacajao_calvus,4.0,0.5,0.0,0.5,0.0,Cacajao calvus,3450.0,5.8,8.146129510025405,1.7578579175523736,-0.35926781613614
Cacajao_hosomi_ssp,82.5878309684834,51.24040720438528,0.8604587951422583,1.0946040799447199,0.000825878309684834,0.0005124040720438528,0.620435318418028,0.620435318418028,Cacajao_hosomi,0.0,,,,,Cacajao hosomi,3450.0,5.8,8.146129510025405,1.7578579175523736,-0.35926781613614
Cacajao_melanocephalus_ssp,92.81279739544202,70.42749087115284,0.6598376982316011,0.7583196218720294,0.0009281279739544202,0.0007042749087115284,0.7588122850245164,0.7588122850245164,Cacajao_melanocephalus,2.0,1.0,0.0,0.0,0.0,Cacajao melanocephalus,3450.0,5.8,8.146129510025405,1.7578579175523736,-0.35926781613614
Callimico_goeldii_ssp,100.67739551039156,48.97319532908705,0.5681102995249118,0.7460489713575784,0.0010067739551039155,0.0004897319532908705,0.48643685189524205,0.48643685189524205,Callimico_goeldii,5.0,0.6,0.4,0.0,0.0,Callimico goeldii,,,,,
Callithrix_jacchus_ssp,122.96041332859463,40.29358540129667,0.69402422794334,0.9093659413780096,0.0012296041332859463,0.00040293585401296667,0.32769559169923784,0.32769559169923784,Callithrix_jacchus,4.0,0.5,0.0,0.0,0.5,Callithrix jacchus,322.06,1.3,5.774737863589849,0.26236426446749106,-0.35418470139781477
Cebuella_niveiventris_ssp,176.1903010934853,130.21806853582555,0.4048915183635379,0.3441821240715418,0.0017619030109348528,0.0013021806853582556,0.7390762586116065,0.7390762586116065,Cebuella_niveiventris,2.0,1.0,0.0,0.0,0.0,Cebuella niveiventris,238.80765466850335,0.9801970413846799,5.475658435730431,-0.020001664890474086,-0.44729819670327775
Cebuella_pygmaea_ssp,171.45437988970116,107.30637079455977,0.4192814809905369,0.5444006519625418,0.0017145437988970115,0.0010730637079455977,0.6258596068738014,0.6258596068738014,Cebuella_pygmaea,5.0,0.8,0.0,0.0,0.2,Cebuella pygmaea,110.0,0.33,4.700480365792416,-1.1086626245216111,-1.0454395053845391
Cebus_albifrons_ssp,236.97509521472963,129.53520485584218,0.28819521410987103,0.28570881664402875,0.0023697509521472962,0.0012953520485584219,0.5466194864842939,0.5466194864842939,Cebus_albifrons,3.0,0.0,0.3333333333333333,0.6666666666666666,0.0,Cebus albifrons,3557.9199999999996,6.87,8.176931383431121,1.927164106234258,-0.20945253512761375
Cebus_imitator_ssp,64.13265041847278,23.681588265048052,0.769753326638998,1.0128140401308205,0.0006413265041847278,0.0002368158826504805,0.3692594662862523,0.3692594662862523,Cebus_imitator,1.0,0.0,1.0,0.0,0.0,Cebus imitator,3557.9199999999996,6.87,8.176931383431121,1.927164106234258,-0.20945253512761375
Cebus_olivaceus_ssp,142.98073828615065,71.46674253920081,0.45359168025313007,0.5865066612294758,0.0014298073828615066,0.0007146674253920081,0.49983475673606304,0.49983475673606304,Cebus_olivaceus,2.0,0.0,0.5,0.5,0.0,Cebus olivaceus,3557.9199999999996,6.87,8.176931383431121,1.927164106234258,-0.20945253512761375
Cebus_unicolor_ssp,214.6546763178342,136.99352554375318,0.29660938068716713,0.25975625571210414,0.002146546763178342,0.0013699352554375319,0.6382042445742484,0.6382042445742484,Cebus_unicolor,0.0,,,,,Cebus unicolor,3557.9199999999996,6.87,8.176931383431121,1.927164106234258,-0.20945253512761375
Cercocebus_atys_ssp,206.76044404522244,92.21078896177468,0.4052293732312234,0.4746662517984524,0.0020676044404522244,0.0009221078896177468,0.44597886886723087,0.44597886886723087,Cercocebus_atys,3.0,0.0,0.0,1.0,0.0,Cercocebus atys,11000.0,25.1,9.305650551780507,3.222867846137738,0.37201669021659
Cercocebus_chrysogaster_ssp,162.90998257971674,54.27137042062415,0.8614940746228592,1.1428954492167118,0.0016290998257971674,0.0005427137042062415,0.33313716913613656,0.33313716913613656,Cercocebus_chrysogaster,1.0,0.0,0.0,1.0,0.0,Cercocebus chrysogaster,18036.09978371574,46.945546620990996,9.800130572000484,3.848988347502366,0.6852385476097953
Cercopithecus_ascanius_ssp,668.6623334167292,403.8286099865047,0.3151397060924131,0.43818763001073224,0.006686623334167292,0.004038286099865047,0.6039350353758111,0.6039350353758111,Cercopithecus_ascanius,6.0,0.0,0.5,0.5,0.0,Cercopithecus ascanius,3822.67,3.0,8.248704410326399,1.0986122886681096,-1.0834211175192978
Cercopithecus_campbelli_ssp,461.88844980241106,197.31426269137793,0.3227145654115281,0.535227012841822,0.004618884498024111,0.0019731426269137793,0.42719029405430253,0.42719029405430253,Cercopithecus_campbelli,2.0,0.0,1.0,0.0,0.0,Cercopithecus campbelli,5668.577673067465,9.021697286877574,8.642693513942492,2.1996324856498073,-0.23171060185930425
Cercopithecus_cephus_ssp,666.6095354890379,414.90916463909167,0.3201878591618442,0.4459169184527032,0.006666095354890379,0.004149091646390917,0.6224170860902944,0.6224170860902944,Cercopithecus_cephus,2.0,0.0,1.0,0.0,0.0,Cercopithecus cephus,5013.679055082883,7.484706516685189,8.51992526691342,2.012861807575181,-0.34079559710076746
Cercopithecus_denti_ssp,267.3415349736614,131.88387096774193,0.4536498126396625,0.5005526314741725,0.002673415349736614,0.0013188387096774192,0.49331605349215635,0.49331605349215635,Cercopithecus_denti,2.0,0.0,1.0,0.0,0.0,Cercopithecus denti,4308.502308793595,6.196320510690219,8.368345630549143,1.8239556498626777,-0.4337847091640574
Cercopithecus_hamlyni_ssp,413.94592220828105,241.7952883834281,0.35636367556026755,0.48870714073178384,0.00413945922208281,0.002417952883834281,0.584122889998579,0.584122889998579,Cercopithecus_hamlyni,1.0,0.0,1.0,0.0,0.0,Cercopithecus hamlyni,5187.831051505948,8.103447088391427,8.554070979660498,2.092289537618744,-0.2829747000516809
Cercopithecus_mitis_ssp,486.09022946273996,229.55141015310232,0.3141847719905661,0.39944516141832564,0.004860902294627399,0.0022955141015310234,0.47224032955119916,0.47224032955119916,Cercopithecus_mitis,3.0,0.0,1.0,0.0,0.0,Cercopithecus mitis,5064.026528515791,7.674288318132945,8.529917202458748,2.0378755618947255,-0.32210457161744976
Cercopithecus_mona_ssp,333.4272872337892,193.79470622119814,0.3920005138145047,0.47253765513415213,0.0033342728723378917,0.0019379470622119814,0.5812202949223982,0.5812202949223982,Cercopithecus_mona,3.0,0.0,1.0,0.0,0.0,Cercopithecus mona,4925.712811070881,7.507123223658278,8.502224276345709,2.0158523329570515,-0.3266041824633037
Cercopithecus_neglectus_ssp,212.69440136088457,121.37925445705024,0.48381337707014155,0.7796800231775528,0.002126944013608846,0.0012137925445705024,0.570674421519458,0.570674421519458,Cercopithecus_neglectus,5.0,0.4,0.6,0.0,0.0,Cercopithecus neglectus,5109.630840436783,7.897719707300508,8.538882438012157,2.0665740731615867,-0.2990791106920332
Cercopithecus_nictitans_ssp,427.91178969463743,235.880183091007,0.39324852276060157,0.5592886160247437,0.004279117896946375,0.00235880183091007,0.5512355321159385,0.5512355321159385,Cercopithecus_nictitans,3.0,0.0,1.0,0.0,0.0,Cercopithecus nictitans,5064.026528515791,7.674288318132945,8.529917202458748,2.0378755618947255,-0.32210457161744976
Cercopithecus_pogonias_ssp,365.30724006804763,203.44148506860373,0.43667061187090533,0.6369363257115005,0.0036530724006804765,0.0020344148506860373,0.556905154769743,0.556905154769743,Cercopithecus_pogonias,1.0,0.0,1.0,0.0,0.0,Cercopithecus pogonias,4542.540586649485,6.693360027062626,8.421241735100963,1.9011159942544322,-0.3900961304834272
Cercopithecus_roloway_ssp,390.7767423217596,199.51537216828478,0.45921605730865445,0.5970412367405454,0.003907767423217596,0.001995153721682848,0.5105610200414815,0.5105610200414815,Cercopithecus_roloway,1.0,0.0,1.0,0.0,0.0,Cercopithecus roloway,5134.601085612043,7.940034556392824,8.543757433972461,2.0719176274401057,-0.29682037190245225
Cercopithecus_wolfi_ssp,253.12224278806067,124.56080172181868,0.45829718996753027,0.605645364747968,0.002531222427880607,0.0012456080172181868,0.4920974164491481,0.4920974164491481,Cercopithecus_wolfi,3.0,0.0,1.0,0.0,0.0,Cercopithecus wolfi,3910.0,5.35,8.271292652979412,1.677096560907915,-0.5192303054938829
Cheirogaleus_major_ssp,472.1899725414421,228.15099715099714,0.40956585855163236,0.5777665393369552,0.004721899725414421,0.0022815099715099716,0.4831762858559503,0.4831762858559503,Cheirogaleus_major,4.0,0.5,0.25,0.25,0.0,Cheirogaleus major,472.0,2.3,6.156978985585555,0.8329091229351039,-0.02551559898069866
Cheirogaleus_medius_ssp,115.05524036672416,36.537527182354765,0.885188195484353,1.1141985623756654,0.0011505524036672416,0.00036537527182354764,0.3175650849617625,0.3175650849617625,Cheirogaleus_medius,5.0,0.6,0.2,0.2,0.0,Cheirogaleus medius,188.77,0.65,5.2405293427806425,-0.4307829160924542,-0.7092937106989493
Cheirogaleus_sibreei_ssp,328.918452532451,106.9335232668566,0.5679487982853441,0.9087105265183378,0.00328918452532451,0.0010693352326685659,0.32510648899002276,0.32510648899002276,Cheirogaleus_sibreei,,,,,,Cheirogaleus sibreei,,,,,
Cheracebus_lucifer_ssp,238.48287883359615,155.68837428426468,0.38694341504745583,0.498689460449586,0.0023848287883359615,0.0015568837428426468,0.6528283080350511,0.6528283080350511,Cheracebus_lucifer,2.0,1.0,0.0,0.0,0.0,Cheracebus lucifer,,,,,
Cheracebus_lugens_ssp,155.15658616487082,107.58729375323908,0.44912382378582155,0.6413979938169279,0.001551565861648708,0.0010758729375323908,0.6934110656373673,0.6934110656373673,Cheracebus_lugens,0.0,,,,,Cheracebus lugens,,,,,
Cheracebus_regulus_ssp,89.78827681367085,46.080985021579075,0.8637066036334087,1.3666928044574218,0.0008978827681367084,0.00046080985021579074,0.5132182803464043,0.5132182803464043,Cheracebus_regulus,0.0,,,,,Cheracebus regulus,,,,,
Cheracebus_torquatus_ssp,165.46638772663877,77.88532110091744,0.6292830420062989,1.2473140721594183,0.0016546638772663878,0.0007788532110091744,0.4707017671141105,0.4707017671141105,Cheracebus_torquatus,3.0,1.0,0.0,0.0,0.0,Cheracebus torquatus,,,,,
Chiropotes_albinasus_ssp,135.5530566494108,109.43983294179064,0.41671487093767146,0.48157648150745175,0.0013555305664941079,0.0010943983294179065,0.8073579131811215,0.8073579131811215,Chiropotes_albinasus,1.0,0.0,0.0,1.0,0.0,Chiropotes albinasus,3450.0000000000005,5.8,8.146129510025405,1.7578579175523736,-0.35926781613614
Chiropotes_israelita_ssp,142.15243561791007,102.7914375139727,0.45234870478678246,0.6922370123806371,0.0014215243561791007,0.001027914375139727,0.723107114325249,0.723107114325249,Chiropotes_israelita,0.0,,,,,Chiropotes israelita,3450.0000000000005,5.8,8.146129510025405,1.7578579175523736,-0.35926781613614
Colobus_angolensis_ssp,121.49289556668522,68.7901815736382,0.8251326225727393,0.7688518314220928,0.0012149289556668522,0.000687901815736382,0.5662074416185144,0.5662074416185144,Colobus_angolensis,3.0,0.0,0.6666666666666666,0.3333333333333333,0.0,Colobus angolensis,9931.890000000001,7.704999999999999,9.203506071254603,2.041869468772079,-0.7443463770479597
Colobus_guereza_ssp,178.69489953348273,87.22209072978303,0.5666753267980829,0.7484176748557523,0.0017869489953348272,0.0008722209072978303,0.48810621320190456,0.48810621320190456,Colobus_guereza,5.0,0.0,0.8,0.2,0.0,Colobus guereza,9963.78,3.21,9.206711796652165,1.1662709371419244,-1.6219734378174628
Daubentonia_madagascariensis_ssp,57.99475340645764,38.485801530690736,0.5199495827330831,0.6530057053896033,0.0005799475340645765,0.00038485801530690735,0.6636083312737285,0.6636083312737285,Daubentonia_madagascariensis,3.0,0.0,0.3333333333333333,0.6666666666666666,0.0,Daubentonia madagascariensis,,,,,
Erythrocebus_patas_ssp,177.23175799465253,129.4110158072891,0.43202377867722636,0.5184735407065526,0.0017723175799465253,0.001294110158072891,0.730179609295495,0.730179609295495,Erythrocebus_patas,5.0,0.0,0.8,0.2,0.0,Erythrocebus patas,12400.0,7.2,9.425451751593128,1.9740810260220096,-0.952578315133483
Eulemur_coronatus_ssp,215.63844366424124,87.70503597122303,0.5151089947009424,1.1147015593755396,0.0021563844366424122,0.0008770503597122303,0.4067226347996822,0.4067226347996822,Eulemur_coronatus,3.0,0.0,0.6666666666666666,0.3333333333333333,0.0,Eulemur coronatus,1699.68,7.24,7.438195277031703,1.979621206397625,0.3104643540931087
Eulemur_flavifrons_ssp,165.65085828546253,82.64060172773308,0.49483516577806874,0.8753389189072741,0.0016565085828546254,0.0008264060172773308,0.4988842350899283,0.4988842350899283,Eulemur_flavifrons,1.0,0.0,1.0,0.0,0.0,Eulemur flavifrons,2121.1062121391665,13.039516683372678,7.659693029755579,2.567984491653077,0.7586675850774363
Eulemur_fulvus_ssp,602.9282173309538,376.82481751824815,0.5449273382538415,0.8050683638972358,0.006029282173309538,0.0037682481751824815,0.624991179192738,0.624991179192738,Eulemur_fulvus,3.0,0.0,0.0,1.0,0.0,Eulemur fulvus,2204.8,19.34,7.698392080819339,2.9621754900251482,1.1283704745155116
Eulemur_macaco_ssp,219.26136248093545,110.25171283884421,0.45474871722750937,0.8558726001060362,0.0021926136248093544,0.0011025171283884421,0.5028323804584152,0.5028323804584152,Eulemur_macaco,4.0,0.0,0.0,1.0,0.0,Eulemur macaco,2290.19,16.95,7.736390062538827,2.830267833826459,0.9724183342780348
Eulemur_rufifrons_ssp,641.875769612711,257.39212469237077,0.46478850714383274,1.1500355545284893,0.00641875769612711,0.002573921246923708,0.40099990820291226,0.40099990820291226,Eulemur_rufifrons,,,,,,Eulemur rufifrons,2117.17,23.285,7.657835570225402,3.1478093764343402,1.3396678390231922
Eulemur_sanfordi_ssp,431.6638722158837,158.04391052195527,0.5313260883219506,1.2429144988822391,0.004316638722158837,0.0015804391052195528,0.36612725941288493,0.36612725941288493,Eulemur_sanfordi,1.0,0.0,1.0,0.0,0.0,Eulemur sanfordi,2117.17,23.285,7.657835570225402,3.1478093764343402,1.3396678390231922
Galago_moholi_ssp,163.42949412827463,63.88357256778309,0.6555865869854928,1.1127697556424438,0.0016342949412827463,0.0006388357256778309,0.39089377904848277,0.39089377904848277,Galago_moholi,3.0,0.0,1.0,0.0,0.0,Galago moholi,182.58,0.7,5.207188433136935,-0.35667494393873245,-0.614088171424823
Galago_senegalensis_ssp,330.173987475785,193.62095088819225,0.38205582338197075,0.5669340936079195,0.00330173987475785,0.0019362095088819226,0.5864209726769963,0.5864209726769963,Galago_senegalensis,4.0,0.0,0.75,0.25,0.0,Galago senegalensis,211.8,1.66,5.355642433167306,0.5068176023684517,0.15546517935941118
Galagoides_demidoff_ssp,224.9977782815688,115.051968503937,0.5695050233831689,0.852515454797361,0.002249977782815688,0.00115051968503937,0.5113471314368163,0.5113471314368163,Galagoides_demidoff,5.0,0.2,0.6,0.2,0.0,Galagoides demidoff,65.97,0.92,4.1892000932347795,-0.08338160893905101,0.30337107141559094
Gorilla_beringei_ssp,112.53851538006828,50.857912933259264,0.7854936360109656,1.1252443107718524,0.0011253851538006827,0.0005085791293325926,0.45191561983468925,0.45191561983468925,Gorilla_beringei,1.0,0.0,1.0,0.0,0.0,Gorilla beringei,162500.0,28.96,11.998433280751929,3.3659155675175154,-1.1888832302719492
Gorilla_gorilla_ssp,188.93832098958597,104.60806795962763,0.6256083260808205,0.8211577013372169,0.0018893832098958597,0.0010460806795962764,0.5536625254830834,0.5536625254830834,Gorilla_gorilla,3.0,0.0,1.0,0.0,0.0,Gorilla gorilla,171189.33,19.64,12.050525415981154,2.97756830292632,-1.6101935223026556
Hapalemur_griseus_ssp,598.963218625897,317.83384932920535,0.40909637490478634,0.7421994444039862,0.00598963218625897,0.0031783384932920536,0.5306400116827865,0.5306400116827865,Hapalemur_griseus,4.0,0.75,0.25,0.0,0.0,Hapalemur griseus,1014.97,2.18,6.922614334388835,0.7793248768009977,-0.5635810225556239
Hapalemur_meridionalis_ssp,283.5670535303441,158.59311424100156,0.6059849818139418,0.7989632920960174,0.0028356705353034407,0.0015859311424100155,0.559279056810564,0.559279056810564,Hapalemur_meridionalis,0.0,,,,,Hapalemur meridionalis,1014.97,2.18,6.922614334388835,0.7793248768009977,-0.5635810225556239
Hoolock_hoolock_ssp,73.21124868942225,48.8128106476758,0.8195895845466706,0.9022718381487361,0.0007321124868942225,0.000488128106476758,0.6667392172854498,0.6667392172854498,Hoolock_hoolock,2.0,1.0,0.0,0.0,0.0,Hoolock hoolock,7513.280000000001,7.367500000000001,8.924427400408893,1.9970784356297127,-0.6125411189385115
Hoolock_leuconedys_ssp,92.02584347558158,47.288447909284194,0.9348942190121563,1.3803042844087012,0.0009202584347558158,0.0004728844790928419,0.5138605213852983,0.5138605213852983,Hoolock_leuconedys,,,,,,Hoolock leuconedys,7513.280000000001,7.367500000000001,8.924427400408893,1.9970784356297127,-0.6125411189385115
Hylobates_agilis_ssp,235.28262518968134,161.47022587268995,0.5942190118262187,0.6642845007395699,0.0023528262518968134,0.0016147022587268995,0.6862819799911493,0.6862819799911493,Hylobates_agilis,4.0,1.0,0.0,0.0,0.0,Hylobates agilis,5850.0,6.32,8.674196940225903,1.843719208158766,-0.6075587178907338
Hylobates_lar_ssp,208.22401704875037,113.4719646799117,0.621150576481949,0.8543867461461421,0.002082240170487504,0.0011347196467991168,0.5449513763503329,0.5449513763503329,Hylobates_lar,4.0,1.0,0.0,0.0,0.0,Hylobates lar,5773.08,5.5,8.660961012577944,1.7047480922384253,-0.7381543613078425
Hylobates_pileatus_ssp,84.24944101095366,53.39706214689265,1.142221174180836,0.8952285849898333,0.0008424944101095366,0.0005339706214689265,0.6337972276866531,0.6337972276866531,Hylobates_pileatus,3.0,1.0,0.0,0.0,0.0,Hylobates pileatus,6941.306167323696,6.763324572930354,8.845245244339926,1.911514569889872,-0.647999847468377
Indri_indri_ssp,359.16257584868526,173.18834547346515,0.748591796160276,0.9157402123002291,0.0035916257584868525,0.0017318834547346514,0.48220042153397735,0.48220042153397735,Indri_indri,2.0,1.0,0.0,0.0,0.0,Indri indri,,,,,
Lemur_catta_ssp,300.46651324895356,164.08173313638602,0.6027093401649746,1.1869638699648806,0.0030046651324895355,0.00164081733136386,0.546089916517369,0.546089916517369,Lemur_catta,3.0,0.0,0.0,1.0,0.0,Lemur catta,2466.22,18.25,7.810441893045912,2.9041650800285006,0.99945682703851
Leontocebus_fuscicollis_ssp,332.55127556908735,249.7505344995141,0.4049805589040938,0.33181139885942484,0.0033255127556908737,0.002497505344995141,0.7510136115765057,0.7510136115765057,Leontocebus_fuscicollis,3.0,0.3333333333333333,0.0,0.0,0.6666666666666666,Leontocebus fuscicollis,467.3490844062947,3.33532904148784,6.14707648250887,1.2045713376154965,0.3524127531732342
Leontocebus_nigricollis_ssp,152.3703275529865,70.35651537335285,0.8076491578403927,0.9217903301216614,0.0015237032755298651,0.0007035651537335285,0.46174682763536423,0.46174682763536423,Leontocebus_nigricollis,3.0,0.3333333333333333,0.0,0.3333333333333333,0.3333333333333333,Leontocebus nigricollis,468.0,3.8,6.148468295917646,1.33500106673234,0.4819617661631177
Leontopithecus_rosalia_ssp,39.710209097024865,16.79392764857881,0.9447711615002228,0.8892463900863359,0.0003971020909702487,0.00016793927648578807,0.4229120931482839,0.4229120931482839,Leontopithecus_rosalia,5.0,0.8,0.0,0.0,0.2,Leontopithecus rosalia,663.0,1.48,6.4967749901858625,0.3920420877760237,-0.68139983345765
Lepilemur_ankaranensis_ssp,306.0202422999506,212.73499780989926,0.4619951395366543,0.7427909352189072,0.0030602024229995062,0.0021273499780989926,0.6951664249758474,0.6951664249758474,Lepilemur_ankaranensis,1.0,0.0,1.0,0.0,0.0,Lepilemur ankaranensis,543.0,3.1899999999999995,6.297109319933935,1.160020916796753,0.21292407507039757
Lepilemur_septentrionalis_ssp,288.772788682377,160.03935860058309,0.4859655004379758,1.008241333398272,0.00288772788682377,0.0016003935860058308,0.5542051220643625,0.5542051220643625,Lepilemur_septentrionalis,1.0,0.0,1.0,0.0,0.0,Lepilemur septentrionalis,543.0,3.1899999999999995,6.297109319933935,1.160020916796753,0.21292407507039757
Lophocebus_aterrimus_ssp,228.02496995152617,118.75348725348726,0.3866214436780087,0.4353730148259153,0.002280249699515262,0.0011875348725348726,0.5207915925994071,0.5207915925994071,Lophocebus_aterrimus,4.0,0.0,0.25,0.75,0.0,Lophocebus aterrimus,7840.0,13.78,8.966994113344454,2.6232182655855123,-0.013336789328980192
Loris_lydekkerianus_ssp,127.95370018441093,107.28497942386831,0.6092090961786599,0.8182271226068978,0.0012795370018441094,0.0010728497942386831,0.8384671898448094,0.8384671898448094,Loris_lydekkerianus,1.0,0.0,0.0,1.0,0.0,Loris lydekkerianus,188.0,1.82,5.236441962829949,0.598836501088704,0.32291213180107037
Loris_tardigradus_ssp,188.54428781079787,117.08023483365949,0.5070373917216302,0.8279875992403855,0.0018854428781079787,0.001170802348336595,0.6209694082652253,0.6209694082652253,Loris_tardigradus,3.0,0.0,0.3333333333333333,0.6666666666666666,0.0,Loris tardigradus,188.0,1.82,5.236441962829949,0.598836501088704,0.32291213180107037
Macaca_arctoides_ssp,213.03920953225446,93.20005740172633,0.42516502203017786,0.49774441065008207,0.0021303920953225446,0.0009320005740172633,0.4374784228985589,0.4374784228985589,Macaca_arctoides,3.0,0.0,0.0,1.0,0.0,Macaca arctoides,11988.75,48.15,9.39172398904216,3.8743211382441345,0.9690041582252822
Macaca_assamensis_ssp,305.5661661168202,155.17361585782638,0.35812215772889555,0.5432078810165646,0.003055661661168202,0.0015517361585782638,0.5078232902215435,0.5078232902215435,Macaca_assamensis,1.0,0.0,0.0,1.0,0.0,Macaca assamensis,9013.884841995427,50.25999578251204,9.106521427708085,3.917209448202033,1.192363854385822
Macaca_brunnescens_ssp,178.5428012391978,101.64916119620715,0.6652879303992489,0.7896575894568346,0.0017854280123919778,0.0010164916119620715,0.5693265731841268,0.5693265731841268,Macaca_brunnescens,,,,,,Macaca brunnescens,9231.39713819369,51.138683351469,9.130365685293482,3.934541223568936,1.1946073844042941
Macaca_cyclopis_ssp,175.8916761413881,83.18682119205297,0.4937371013756285,0.6415292546198152,0.001758916761413881,0.0008318682119205298,0.4729434787191657,0.4729434787191657,Macaca_cyclopis,3.0,0.0,0.6666666666666666,0.3333333333333333,0.0,Macaca cyclopis,9172.698163015955,51.214337355890464,9.12398676003161,3.9360195193276,1.200122156831008
Macaca_fascicularis_ssp,375.5171083256516,211.75379348322588,0.3976590943866851,0.5101923396212943,0.0037551710832565157,0.002117537934832259,0.5638991907116818,0.5638991907116818,Macaca_fascicularis,3.0,0.0,0.3333333333333333,0.6666666666666666,0.0,Macaca fascicularis,5096.11,35.22,8.536232782576334,3.56161410306806,1.1976375766302274
Macaca_fuscata_ssp,125.94932355046403,68.47540720762348,0.5248040092533589,0.38997063592329295,0.0012594932355046403,0.0006847540720762347,0.5436742753142892,0.5436742753142892,Macaca_fuscata,3.0,0.0,0.0,1.0,0.0,Macaca fuscata,10970.0,72.3,9.302919553269275,4.280824129164719,1.4317011031899995
Macaca_hecki_ssp,206.81938552911458,113.86114740776856,0.4758798953062385,0.5086059608491461,0.002068193855291146,0.0011386114740776856,0.5505342118509485,0.5505342118509485,Macaca_hecki,,,,,,Macaca hecki,9231.39713819369,51.138683351469,9.130365685293482,3.934541223568936,1.1946073844042941
Macaca_leonina_ssp,125.43017323678303,49.16779457175361,0.6908093628487664,0.565159832878404,0.0012543017323678304,0.0004916779457175361,0.39199335616746883,0.39199335616746883,Macaca_leonina,1.0,0.0,0.0,1.0,0.0,Macaca leonina,9262.099324921137,50.553280757097795,9.1336860109004,3.9230278445889297,1.1809929591990307
Macaca_leucogenys_ssp,272.5764558890971,131.83002509696553,0.3618067271396807,0.4989652503858539,0.0027257645588909707,0.0013183002509696553,0.48364421155509885,0.48364421155509885,Macaca_leucogenys,,,,,,Macaca leucogenys,9003.183916475615,50.23810538431763,9.105333562254327,3.916773810149444,1.1926798776228758
Macaca_maura_ssp,204.54502138788914,111.48349652403799,0.45786236613730125,0.5331797547402009,0.0020454502138788915,0.00111483496524038,0.5450315816420003,0.5450315816420003,Macaca_maura,1.0,0.0,0.0,1.0,0.0,Macaca maura,9231.39713819369,51.138683351469,9.130365685293482,3.934541223568936,1.1946073844042941
Macaca_mulatta_ssp,289.69808164940946,168.53424381984738,0.3500906505534444,0.4287015362482457,0.0028969808164940945,0.0016853424381984739,0.5817582320886968,0.5817582320886968,Macaca_mulatta,4.0,0.0,0.0,1.0,0.0,Macaca mulatta,9639.54,46.01,9.173628668623735,3.8288587641673772,1.0615488364558763
Macaca_nemestrina_ssp,321.17343066762896,183.12887241708495,0.41509686054283784,0.46199409147454,0.0032117343066762898,0.0018312887241708495,0.5701868676883131,0.5701868676883131,Macaca_nemestrina,3.0,0.0,0.0,1.0,0.0,Macaca nemestrina,11143.84,66.7,9.318642157854777,4.200204952921578,1.3411329270816794
Macaca_nigra_ssp,164.63728226089918,89.7911317677756,0.5292352810856579,0.5468805041642044,0.0016463728226089919,0.000897911317677756,0.5453875971147557,0.5453875971147557,Macaca_nigra,3.0,0.0,0.0,1.0,0.0,Macaca nigra,9231.39713819369,51.138683351469,9.130365685293482,3.934541223568936,1.1946073844042941
Macaca_radiata_ssp,135.37857185101322,47.162122301357,0.5511896643781268,0.7036905580454964,0.0013537857185101322,0.00047162122301357004,0.34837213642096804,0.34837213642096804,Macaca_radiata,2.0,0.0,0.0,1.0,0.0,Macaca radiata,6574.57,45.27,8.790964455667797,3.812644561447867,1.2874781146338128
Macaca_silenus_ssp,69.54744103876402,39.15653174533134,0.8546659679850047,0.4659729963751299,0.0006954744103876402,0.00039156531745331344,0.5630190149412753,0.5630190149412753,Macaca_silenus,2.0,0.0,0.5,0.5,0.0,Macaca silenus,8705.83,42.0,9.071748195158442,3.737669618283368,1.0348279414433086
Macaca_sylvanus_ssp,35.72109854111911,19.52448021462106,1.820001920030722,3.7847836193935565,0.0003572109854111911,0.0001952448021462106,0.5465811806472337,0.5465811806472337,Macaca_sylvanus,3.0,0.0,0.0,1.0,0.0,Macaca sylvanus,9159.805714285714,50.80714285714284,9.122580247212419,3.9280369521242102,1.1930296072943736
Macaca_thibetana_ssp,95.16205438828948,31.121882086167798,0.951022801381489,1.6376818375156066,0.0009516205438828948,0.000311218820861678,0.32704088080298543,0.32704088080298543,Macaca_thibetana,1.0,0.0,0.0,1.0,0.0,Macaca thibetana,9013.884841995427,50.25999578251204,9.106521427708085,3.917209448202033,1.192363854385822
Macaca_tonkeana_ssp,256.2828269038806,160.2782568676011,0.4203921342812008,0.3992215866994623,0.002562828269038806,0.001602782568676011,0.6253960080115465,0.6253960080115465,Macaca_tonkeana,1.0,0.0,1.0,0.0,0.0,Macaca tonkeana,9231.39713819369,51.138683351469,9.130365685293482,3.934541223568936,1.1946073844042941
Mandrillus_leucophaeus_ssp,207.63481977381898,59.3184584178499,0.6992365719595417,0.9918739222217681,0.00207634819773819,0.0005931845841784989,0.2856864685916686,0.2856864685916686,Mandrillus_leucophaeus,3.0,0.0,1.0,0.0,0.0,Mandrillus leucophaeus,19416.67,36.4,9.873887254433642,3.5945687746426946,0.38414698604793207
Mandrillus_sphinx_ssp,416.6099843895561,140.26092804303968,0.39267050193069486,0.7781665160968461,0.004166099843895561,0.0014026092804303968,0.3366720273124493,0.3366720273124493,Mandrillus_sphinx,4.0,0.0,0.75,0.25,0.0,Mandrillus sphinx,32377.78,65.72,10.3852276640412,4.185403293169067,0.6514138896425226
Mico_argentatus_ssp,134.51784858683854,72.9721346704871,0.5363701744597853,0.5561295006135418,0.0013451784858683855,0.000729721346704871,0.542471764431912,0.542471764431912,Mico_argentatus,1.0,1.0,0.0,0.0,0.0,Mico argentatus,330.0,1.83,5.799092654460526,0.6043159668533296,-0.027644301240632885
Mico_humeralifer_ssp,130.5574982669645,74.8170731707317,0.6898417421277919,0.7158332863427482,0.001305574982669645,0.0007481707317073171,0.5730584161297687,0.5730584161297687,Mico_humeralifer,2.0,1.0,0.0,0.0,0.0,Mico humeralifer,274.5195966318317,1.160464270583251,5.615022648681317,0.1488201583077291,-0.36666370457474584
Microcebus_griseorufus_ssp,515.1140402978938,206.79242304656668,0.5056903434977043,1.0221863539691902,0.005151140402978938,0.002067924230465667,0.40144978950093707,0.40144978950093707,Microcebus_griseorufus,,,,,,Microcebus griseorufus,44.37850809889173,1.4841219096334186,3.7927553004205112,0.39482329071978056,1.0324395712375443
Microcebus_mittermeieri_ssp,648.2107935921703,278.2338511856092,0.4959115555557674,0.9458434728498947,0.006482107935921703,0.002782338511856092,0.429233597983966,0.429233597983966,Microcebus_mittermeieri,,,,,,Microcebus mittermeieri,37.967521960240404,1.4031391585760515,3.6367311090178642,0.3387119826421955,1.075057748518959
Microcebus_murinus_ssp,388.05027278182916,133.02072740883676,0.49196143508026347,1.086443634157462,0.003880502727818292,0.0013302072740883676,0.34279251101989067,0.34279251101989067,Microcebus_murinus,4.0,0.0,0.5,0.5,0.0,Microcebus murinus,67.01,1.77,4.204841861985079,0.5709795465857378,0.9478343786327658
Microcebus_tavaratra_ssp,286.10808554065966,127.38963210702342,0.5111800243856341,1.0029095986462353,0.0028610808554065965,0.0012738963210702343,0.44525002453633805,0.44525002453633805,Microcebus_tavaratra,,,,,,Microcebus tavaratra,39.54219064276345,1.4230301705290773,3.6773682194137245,0.35278852094133667,1.0634198065199372
Miopithecus_ogouensis_ssp,124.97152258693532,70.82946896035901,0.5727113013061401,0.6287108105297383,0.0012497152258693532,0.0007082946896035901,0.5667648716617589,0.5667648716617589,Miopithecus_ogouensis,1.0,0.0,0.0,1.0,0.0,Miopithecus ogouensis,4350.782468837957,7.613289103337354,8.378110985800424,2.029895286558694,-0.23402442510329147
Mirza_coquereli_ssp,114.42817347607603,30.785009861932938,0.8041804432133874,1.5719298528622199,0.0011442817347607603,0.00030785009861932937,0.2690334812376367,0.2690334812376367,Mirza_coquereli,3.0,0.0,0.3333333333333333,0.6666666666666666,0.0,Mirza coquereli,308.0,7.22,5.730099782973574,1.9768549529047348,1.3885522140317879
Mirza_zaza_ssp,104.70926129923208,44.144305307096,0.7558699877684786,1.3558344902249346,0.0010470926129923209,0.00044144305307096,0.4215893108150477,0.4215893108150477,Mirza_zaza,3.0,0.0,0.0,1.0,0.0,Mirza zaza,293.53,8.52,5.681979848695356,2.1424163408412245,1.5845630874236254
Nasalis_larvatus_ssp,113.01612430588901,56.381703131703134,0.5857179623123545,0.976841972419455,0.00113016124305889,0.0005638170313170313,0.49888193811265935,0.49888193811265935,Nasalis_larvatus,5.0,0.0,0.8,0.2,0.0,Nasalis larvatus,20171.67,14.7,9.912034423752866,2.6878474937846906,-0.5467131822539439
Nomascus_gabriellae_ssp,154.2284479401916,84.81245474293989,0.6934569418213772,0.831531228696164,0.0015422844794019158,0.0008481245474293989,0.5499144669849068,0.5499144669849068,Nomascus_gabriellae,2.0,1.0,0.0,0.0,0.0,Nomascus gabriellae,7513.28,7.3675,8.924427400408891,1.9970784356297127,-0.6125411189385106
Nomascus_siki_ssp,190.47541940757463,117.47391304347826,0.6877642835543916,0.8023329649361097,0.0019047541940757464,0.0011747391304347827,0.6167405401119526,0.6167405401119526,Nomascus_siki,2.0,1.0,0.0,0.0,0.0,Nomascus siki,7513.28,7.3675,8.924427400408891,1.9970784356297127,-0.6125411189385106
Nycticebus_bengalensis_ssp,154.45293687468157,80.75451666465402,0.6173753096325066,0.9491779557230989,0.0015445293687468156,0.0008075451666465402,0.5228422217065111,0.5228422217065111,Nycticebus_bengalensis,2.0,0.0,0.0,1.0,0.0,Nycticebus bengalensis,749.5200000000001,3.1500000000000004,6.619433001642933,1.1474024528375417,-0.0036553960125305096
Nycticebus_coucang_ssp,166.2064383805957,84.65528634361233,0.6546778496704642,1.1367194443795625,0.001662064383805957,0.0008465528634361234,0.5093381891125084,0.5093381891125084,Nycticebus_coucang,3.0,0.0,0.3333333333333333,0.6666666666666666,0.0,Nycticebus coucang,749.52,3.15,6.619433001642933,1.1474024528375417,-0.0036553960125305096
Otolemur_crassicaudatus_ssp,160.72211990536937,114.098903836572,0.4304077438817007,0.5235264326021037,0.0016072211990536937,0.0011409890383657201,0.7099141294536908,0.7099141294536908,Otolemur_crassicaudatus,3.0,0.3333333333333333,0.6666666666666666,0.0,0.0,Otolemur crassicaudatus,1304.1,3.77,7.1732684266628555,1.3270750014599193,-0.1744405936808484
Otolemur_garnettii_ssp,224.2977720843821,119.58763277693475,0.5821647538114122,0.9649663333262277,0.002242977720843821,0.0011958763277693475,0.5331646037569433,0.5331646037569433,Otolemur_garnettii,3.0,0.0,0.3333333333333333,0.6666666666666666,0.0,Otolemur garnettii,840.41,6.08,6.73388986799572,1.8050046959780754,0.5815204662621531
Pan_paniscus_ssp,84.16913568918345,55.85266676542467,0.6137504144223378,0.5659612348411875,0.0008416913568918345,0.0005585266676542467,0.663576574810929,0.663576574810929,Pan_paniscus,2.0,0.0,0.0,1.0,0.0,Pan paniscus,45368.75,156.87,10.722578821033151,5.055417436868149,1.3079578924893736
Pan_troglodytes_ssp,175.9438342865752,120.66676260994033,0.4788903265588889,0.43566139748210914,0.001759438342865752,0.0012066676260994033,0.6858254686742803,0.6858254686742803,Pan_troglodytes,3.0,0.0,0.0,1.0,0.0,Pan troglodytes,46174.48,155.52,10.740182543498886,5.046774340712129,1.2881754566974926
Papio_anubis_ssp,202.71252744534527,91.98870392473593,0.45357815016924297,0.5019358881520297,0.002027125274453453,0.0009198870392473593,0.4537889447880208,0.4537889447880208,Papio_anubis,3.0,0.0,0.0,1.0,0.0,Papio anubis,22506.97,108.88,10.02158031799906,4.69024635834321,1.386366882028232
Papio_cynocephalus_ssp,283.6952738957885,150.76288213553931,0.3903504031925158,0.4776953085410474,0.0028369527389578847,0.0015076288213553932,0.5314254272382414,0.5314254272382414,Papio_cynocephalus,4.0,0.0,0.0,1.0,0.0,Papio cynocephalus,22662.31,71.46,10.028458471133863,4.2691378525952635,0.9609059966068858
Papio_hamadryas_ssp,161.78458816619312,71.02931725030018,0.5332707584821346,0.6512726462486153,0.001617845881661931,0.0007102931725030018,0.4390363634472732,0.4390363634472732,Papio_hamadryas,4.0,0.0,1.0,0.0,0.0,Papio hamadryas,18462.06,58.02,9.823473094463568,4.060787778693258,0.8822672230028643
Papio_kindae_ssp,266.5734317550451,102.75527349329315,0.3903191500471724,0.5707991949483874,0.0026657343175504507,0.0010275527349329315,0.3854670467975038,0.3854670467975038,Papio_kindae,1.0,0.0,0.0,1.0,0.0,Papio kindae,16600.0,51.84,9.717157974344634,3.9481620520440193,0.8369159170755687
Papio_papio_ssp,49.37929544024433,17.19382442725382,1.0607137457697369,1.3979613428564024,0.0004937929544024433,0.00017193824427253818,0.3481990634730843,0.3481990634730843,Papio_papio,3.0,0.0,0.0,1.0,0.0,Papio papio,23446.25,74.64,10.06246584637455,4.312676556539088,0.9829254052046523
Papio_ursinus_ssp,205.73777826001478,78.85358801061251,0.48420339690012676,0.6807435997473436,0.002057377782600148,0.0007885358801061252,0.38327228318250844,0.38327228318250844,Papio_ursinus,3.0,0.0,0.0,1.0,0.0,Papio ursinus,29475.86,69.76,10.291326902248795,4.245060779600724,0.7704901995478894
Perodicticus_potto_ssp,313.08669014374567,257.62893081761007,0.4169548182848461,0.6416846789127084,0.0031308669014374567,0.002576289308176101,0.8228677197977544,0.8228677197977544,Perodicticus_potto,4.0,0.0,0.75,0.25,0.0,Perodicticus potto,838.55,6.61,6.731674209777636,1.888583653863595,0.6665014554201067
Pithecia_albicans_ssp,134.05371463823036,89.74186046511628,0.5378656987801377,0.8701607665805885,0.0013405371463823036,0.0008974186046511628,0.6694470250772377,0.6694470250772377,Pithecia_albicans,1.0,1.0,0.0,0.0,0.0,Pithecia albicans,1940.0,0.9199999999999999,7.570443252057373,-0.08338160893905114,-1.8362227565869678
Pithecia_hirsuta_ssp,146.6084996402191,87.10147172734314,0.413931092877702,0.6911782070744316,0.0014660849964021909,0.0008710147172734314,0.5941092906693153,0.5941092906693153,Pithecia_hirsuta,1.0,1.0,0.0,0.0,0.0,Pithecia hirsuta,1940.0,0.9199999999999999,7.570443252057373,-0.08338160893905114,-1.8362227565869678
Pithecia_mittermeieri_ssp,84.31293326283632,39.602117221791886,0.6547712587197629,1.1781208255830082,0.0008431293326283632,0.00039602117221791884,0.4697039432649867,0.4697039432649867,Pithecia_mittermeieri,1.0,1.0,0.0,0.0,0.0,Pithecia mittermeieri,1940.0,0.9199999999999999,7.570443252057373,-0.08338160893905114,-1.8362227565869678
Pithecia_pithecia_ssp,143.7388601997685,71.17994328435162,0.39231396746769137,0.6785321995123162,0.0014373886019976852,0.0007117994328435162,0.4952031982542899,0.4952031982542899,Pithecia_pithecia,5.0,0.6,0.2,0.2,0.0,Pithecia pithecia,1940.0,0.92,7.570443252057373,-0.08338160893905101,-1.8362227565869678
Plecturocebus_bernhardi_ssp,390.03807458351235,262.58314745972734,0.32517275461006506,0.3911338900519444,0.0039003807458351234,0.0026258314745972733,0.6732243967210559,0.6732243967210559,Plecturocebus_bernhardi,1.0,1.0,0.0,0.0,0.0,Plecturocebus bernhardi,,,,,
Plecturocebus_brunneus_ssp,175.04945984641412,91.88311045071818,0.4865971797669047,0.6909230527999515,0.0017504945984641413,0.0009188311045071818,0.5248979947229492,0.5248979947229492,Plecturocebus_brunneus,2.0,1.0,0.0,0.0,0.0,Plecturocebus brunneus,,,,,
Plecturocebus_caligatus_ssp,216.2227964790472,131.96760633036595,0.45708348200719423,0.5542226678577973,0.002162227964790472,0.0013196760633036595,0.61033160461947,0.61033160461947,Plecturocebus_caligatus,1.0,1.0,0.0,0.0,0.0,Plecturocebus caligatus,,,,,
Plecturocebus_cinerascens_ssp,282.5994440529324,129.30199004975123,0.46267563112613547,0.5820411453188133,0.0028259944405293245,0.0012930199004975123,0.45754509702974594,0.45754509702974594,Plecturocebus_cinerascens,1.0,1.0,0.0,0.0,0.0,Plecturocebus cinerascens,,,,,
Plecturocebus_cupreus_ssp,198.2014338614027,124.343016700351,0.4088693110468833,0.4997015022236319,0.0019820143386140273,0.00124343016700351,0.6273567969609188,0.6273567969609188,Plecturocebus_cupreus,2.0,1.0,0.0,0.0,0.0,Plecturocebus cupreus,,,,,
Plecturocebus_dubius_ssp,237.7299612463587,133.35724206349207,0.3951644813519604,0.5942438779633367,0.002377299612463587,0.0013335724206349207,0.5609610221796757,0.5609610221796757,Plecturocebus_dubius,1.0,1.0,0.0,0.0,0.0,Plecturocebus dubius,,,,,
Plecturocebus_miltoni_ssp,170.45481597494125,90.57440476190476,0.6027543999853164,0.718659151034967,0.0017045481597494124,0.0009057440476190476,0.531368997959085,0.531368997959085,Plecturocebus_miltoni,1.0,1.0,0.0,0.0,0.0,Plecturocebus miltoni,,,,,
Plecturocebus_moloch_ssp,110.49038386365413,51.43261355174982,1.0228999285484717,0.9802358118148853,0.0011049038386365412,0.0005143261355174982,0.46549402539154905,0.46549402539154905,Plecturocebus_moloch,2.0,1.0,0.0,0.0,0.0,Plecturocebus moloch,,,,,
Pongo_abelii_ssp,263.99942989995077,162.61139540910318,0.5187102984133842,0.6396744727169953,0.0026399942989995076,0.0016261139540910319,0.6159535854707294,0.6159535854707294,Pongo_abelii,3.0,0.0,0.6666666666666666,0.3333333333333333,0.0,Pongo abelii,81661.71,34.87,11.310340505139255,3.5516268606875596,-0.5677583963890611
Pongo_pygmaeus_ssp,190.46196212656272,68.77754498516765,0.5876089370483145,0.8884522894302957,0.0019046196212656272,0.0006877754498516765,0.3611090856003295,0.3611090856003295,Pongo_pygmaeus,5.0,0.0,0.6,0.4,0.0,Pongo pygmaeus,79715.85,34.97,11.286223715771508,3.5544905510752844,-0.5496340071226324
Presbytis_comata_ssp,111.21527487953864,48.699029126213595,0.9337289593832476,0.7784927950705173,0.0011121527487953863,0.00048699029126213596,0.43788076034484746,0.43788076034484746,Presbytis_comata,2.0,0.0,1.0,0.0,0.0,Presbytis comata,9779.239464131037,8.631193750459456,9.188016995601275,2.155382821190807,-0.6210317979464204
Presbytis_melalophos_ssp,166.23532981830596,74.69902912621359,0.7780119504629323,0.8468008433571287,0.0016623532981830595,0.0007469902912621358,0.4493571204620528,0.4493571204620528,Presbytis_melalophos,4.0,0.0,0.75,0.25,0.0,Presbytis melalophos,9153.2399986239,7.727487398047297,9.121863193801854,2.044783764229831,-0.6897698412563593
Prolemur_simus_ssp,270.1612944917776,172.8480103359173,0.47835699517309227,0.7870575835579215,0.002701612944917776,0.0017284801033591731,0.6397956104743863,0.6397956104743863,Prolemur_simus,2.0,0.0,1.0,0.0,0.0,Prolemur simus,,,,,
Propithecus_coquereli_ssp,451.3887071270214,225.84155377668307,0.6031401555342814,0.7687033762120401,0.004513887071270214,0.002258415537766831,0.500326105218957,0.500326105218957,Propithecus_coquereli,2.0,0.0,0.0,0.0,1.0,Propithecus coquereli,3699.2892949907236,4.6506122448979585,8.215895997747182,1.536998876501568,-0.6242739177559076
Propithecus_diadema_ssp,333.6277101136103,198.9998556998557,0.5851402749269149,0.6649894103844389,0.003336277101136103,0.001989998556998557,0.5964728038689898,0.5964728038689898,Propithecus_diadema,2.0,0.0,0.5,0.0,0.5,Propithecus diadema,4854.608328298087,6.796092648539779,8.487683703588123,1.916347836521318,-0.4169076489031389
Propithecus_edwardsi_ssp,150.88084353340216,55.577586206896555,0.9327587422416065,1.4210608215688827,0.0015088084353340216,0.0005557758620689656,0.36835415885378936,0.36835415885378936,Propithecus_edwardsi,1.0,1.0,0.0,0.0,0.0,Propithecus edwardsi,5502.9,8.0,8.613030504988414,2.0794415416798357,-0.333131292435187
Propithecus_tattersalli_ssp,163.12595010001053,89.31698685540951,0.6101175275685675,1.0586025654186852,0.0016312595010001053,0.0008931698685540952,0.5475338951322605,0.5475338951322605,Propithecus_tattersalli,3.0,0.3333333333333333,0.3333333333333333,0.3333333333333333,0.0,Propithecus tattersalli,3848.183114893617,4.927114893617021,8.255356397683936,1.594753602473421,-0.5914890694856607
Pygathrix_cinerea_ssp,163.50514365781447,96.67349451533467,0.46376976661993985,0.4118784946608866,0.0016350514365781447,0.0009667349451533467,0.5912565950686794,0.5912565950686794,Pygathrix_cinerea,2.0,0.0,0.5,0.5,0.0,Pygathrix cinerea,11397.101926029445,8.902117867294738,9.341114385049003,2.1862892110468675,-0.6870028623754663
Pygathrix_nemaeus_ssp,148.2882722751864,72.84265581303991,0.4950447686567037,0.5221340565594872,0.0014828827227518638,0.0007284265581303991,0.4912233091357484,0.4912233091357484,Pygathrix_nemaeus,3.0,0.0,0.6666666666666666,0.3333333333333333,0.0,Pygathrix nemaeus,11000.0,6.9,9.305650551780507,1.9315214116032138,-0.9193297443179342
Pygathrix_nigripes_ssp,156.50250546303968,92.96913746630729,0.5063052774866539,0.4225494442180945,0.0015650250546303968,0.0009296913746630729,0.5940424863566371,0.5940424863566371,Pygathrix_nigripes,1.0,0.0,1.0,0.0,0.0,Pygathrix nigripes,11693.599056238585,10.397004099474133,9.366796881867563,2.341517697289699,-0.5480258283647235
Rhinopithecus_avunculus_ssp,39.76796221098865,21.165283540802214,1.5251193547097759,1.4066255820767022,0.0003976796221098865,0.00021165283540802214,0.532219464213679,0.532219464213679,Rhinopithecus_avunculus,,,,,,Rhinopithecus avunculus,12951.500954620666,15.903237423305079,9.468966964243066,2.7665227000287933,-0.18767233614676604
Rhinopithecus_bieti_ssp,35.963504827141186,16.578186596583443,1.2932484082308102,1.4666910573463607,0.00035963504827141185,0.00016578186596583443,0.46097249631999443,0.46097249631999443,Rhinopithecus_bieti,2.0,0.0,1.0,0.0,0.0,Rhinopithecus bieti,13508.692202177104,18.125558022336506,9.51108862406114,2.89732298770607,-0.08352592668490733
Rhinopithecus_roxellana_ssp,69.5526184314761,40.21465535986084,0.6752015806073182,0.5112867570242539,0.0006955261843147611,0.0004021465535986084,0.5781903868864505,0.5781903868864505,Rhinopithecus_roxellana,3.0,0.0,0.6666666666666666,0.3333333333333333,0.0,Rhinopithecus roxellana,17900.0,35.64,9.792555991828847,3.5734686026026083,0.41451186970454135
Rhinopithecus_strykeri_ssp,16.202966971449897,7.875274483970136,2.1263882020292693,1.7907525466875338,0.00016202966971449898,7.875274483970136e-05,0.4860390382728423,0.4860390382728423,Rhinopithecus_strykeri,,,,,,Rhinopithecus strykeri,13508.692202177104,18.125558022336506,9.51108862406114,2.89732298770607,-0.08352592668490733
Saguinus_bicolor_ssp,92.57125539813622,36.46789423984891,0.9172503082325953,1.0607700370486308,0.0009257125539813622,0.0003646789423984891,0.3939440389244536,0.3939440389244536,Saguinus_bicolor,3.0,0.3333333333333333,0.0,0.0,0.6666666666666666,Saguinus bicolor,476.10692766039676,2.666081229064674,6.165642466946105,0.9806096898087429,0.11670286253187445
Saguinus_imperator_ssp,192.6484551475937,86.68175287356321,0.7673718995350697,0.8541017624617319,0.001926484551475937,0.0008668175287356321,0.4499478223542138,0.4499478223542138,Saguinus_imperator,4.0,0.25,0.0,0.0,0.75,Saguinus imperator,466.77253051261187,2.923742880390561,6.145842052306874,1.0728646038181389,0.22148714605539355
Saguinus_labiatus_ssp,128.64047710167114,84.72146446518306,0.6520585130625438,0.4109658195619598,0.0012864047710167113,0.0008472146446518306,0.6585910311746074,0.6585910311746074,Saguinus_labiatus,6.0,0.5,0.0,0.0,0.5,Saguinus labiatus,466.77253051261187,2.923742880390561,6.145842052306874,1.0728646038181389,0.22148714605539355
Saguinus_midas_ssp,253.38274396454577,159.11971096896468,0.44432400286517987,0.3713533846567918,0.002533827439645458,0.0015911971096896468,0.6279816394727704,0.6279816394727704,Saguinus_midas,5.0,0.4,0.0,0.0,0.6,Saguinus midas,515.0,1.83,6.244166900663736,0.6043159668533296,-0.30927980198671934
Saguinus_oedipus_ssp,61.11943327173243,22.02795248078267,1.0990095530828676,1.2832450270099085,0.0006111943327173243,0.0002202795248078267,0.3604083235334994,0.3604083235334994,Saguinus_oedipus,5.0,0.6,0.0,0.2,0.2,Saguinus oedipus,417.54,3.3,6.034380348084814,1.1939224684724343,0.41307610333161415
Saimiri_boliviensis_ssp,80.81106125649092,23.506063184767573,0.7756281906432415,1.505187681298173,0.0008081106125649092,0.00023506063184767573,0.29087680348808087,0.29087680348808087,Saimiri_boliviensis,2.0,0.0,0.0,1.0,0.0,Saimiri boliviensis,852.67,3.2,6.748372602767181,1.1631508098056809,-0.06949785100084838
Saimiri_cassiquiarensis_ssp,142.54245736746591,56.50832608599598,0.4707726252134427,0.7819298690083233,0.0014254245736746592,0.0005650832608599598,0.3964315413780254,0.3964315413780254,Saimiri_cassiquiarensis,1.0,0.0,0.0,1.0,0.0,Saimiri cassiquiarensis,852.67,3.2,6.748372602767181,1.1631508098056809,-0.06949785100084838
Saimiri_macrodon_ssp,198.90851153039833,117.40787833457992,0.3874536721854521,0.48087239886407007,0.001989085115303983,0.001174078783345799,0.5902607054431503,0.5902607054431503,Saimiri_macrodon,1.0,0.0,0.0,1.0,0.0,Saimiri macrodon,852.67,3.2,6.748372602767181,1.1631508098056809,-0.06949785100084838
Saimiri_sciureus_ssp,76.89046729983494,33.31292008961912,0.9056166437365213,1.153680926223234,0.0007689046729983494,0.0003331292008961912,0.43325162740545126,0.43325162740545126,Saimiri_sciureus,3.0,0.0,0.0,1.0,0.0,Saimiri sciureus,852.67,3.2,6.748372602767181,1.1631508098056809,-0.06949785100084838
Saimiri_ustus_ssp,122.960687696132,80.33076195207344,0.4973284186273222,0.5803258243288502,0.00122960687696132,0.0008033076195207345,0.6533044297100205,0.6533044297100205,Saimiri_ustus,1.0,0.0,0.0,1.0,0.0,Saimiri ustus,852.67,3.2000000000000006,6.748372602767181,1.163150809805681,-0.06949785100084815
Sapajus_apella_ssp,189.49642368686833,73.3448814073519,0.4584702004057774,0.7590329537292843,0.0018949642368686832,0.000733448814073519,0.38705153364028655,0.38705153364028655,Sapajus_apella,4.0,0.0,0.5,0.5,0.0,Sapajus apella,3557.92,6.87,8.176931383431121,1.927164106234258,-0.20945253512761375
Semnopithecus_entellus_ssp,222.64083737742345,145.07620725527698,0.3931249190333669,0.4659507388293042,0.0022264083737742347,0.0014507620725527698,0.6516154402048984,0.6516154402048984,Semnopithecus_entellus,6.0,0.0,0.6666666666666666,0.3333333333333333,0.0,Semnopithecus entellus,13831.27,11.1,9.534687249799218,2.4069451083182885,-0.5888366197175134
Semnopithecus_hypoleucos_ssp,221.730053944522,155.33251115809253,0.41855673683429284,0.5177239842712186,0.00221730053944522,0.0015533251115809252,0.7005478436268162,0.7005478436268162,Semnopithecus_hypoleucos,1.0,0.0,1.0,0.0,0.0,Semnopithecus hypoleucos,11950.858900804531,10.904188723589415,9.388558429321117,2.3891470019837624,-0.5141668650606075
Semnopithecus_priam_ssp,167.17612546974462,92.39295774647887,0.85431729890635,1.0271251315192398,0.0016717612546974462,0.0009239295774647888,0.5526683758632752,0.5526683758632752,Semnopithecus_priam,1.0,0.0,1.0,0.0,0.0,Semnopithecus priam,11950.858900804531,10.904188723589415,9.388558429321117,2.3891470019837624,-0.5141668650606075
Semnopithecus_schistaceus_ssp,64.44348248033506,25.881272084805655,1.1491613259867193,1.5772132998259127,0.0006444348248033507,0.00025881272084805657,0.4016119410167402,0.4016119410167402,Semnopithecus_schistaceus,1.0,0.0,1.0,0.0,0.0,Semnopithecus schistaceus,12977.31570773389,11.011075891842765,9.470958166693896,2.398901665473769,-0.5565533701380869
Symphalangus_syndactylus_ssp,171.46181085931303,109.22812893563429,0.5824564437538235,0.638044830374367,0.0017146181085931304,0.0010922812893563428,0.6370405654076382,0.6370405654076382,Symphalangus_syndactylus,3.0,1.0,0.0,0.0,0.0,Symphalangus syndactylus,11851.54,11.95,9.3802130959254,2.4807312783775197,-0.4173018019894683
Theropithecus_gelada_ssp,109.6144710754295,73.78613227513227,0.5755789802284857,0.9486391623525731,0.0010961447107542951,0.0007378613227513228,0.673142255317343,0.673142255317343,Theropithecus_gelada,4.0,0.0,1.0,0.0,0.0,Theropithecus gelada,19000.0,21.5,9.852194258148577,3.068052935133617,-0.12864189009818805
Trachypithecus_auratus_ssp,104.09330710165412,60.01190476190476,0.6769705362046257,0.44549049627311543,0.0010409330710165411,0.0006001190476190476,0.5765203011880399,0.5765203011880399,Trachypithecus_auratus,2.0,0.0,1.0,0.0,0.0,Trachypithecus auratus,8631.271140458319,7.712035270886273,9.063147066447383,2.0427821308048233,-0.6546168963825432
Trachypithecus_francoisi_ssp,83.38645580212413,47.268681566035326,0.6313254765799812,0.5656995995477986,0.0008338645580212413,0.00047268681566035327,0.5668628209622412,0.5668628209622412,Trachypithecus_francoisi,2.0,0.0,1.0,0.0,0.0,Trachypithecus francoisi,7700.0,3.98,8.948975607841774,1.3812818192963463,-1.2438714282495251
Trachypithecus_geei_ssp,48.52015729162683,25.451977401129945,1.1534152585898518,1.2343342408235694,0.0004852015729162683,0.0002545197740112994,0.5245650224947275,0.5245650224947275,Trachypithecus_geei,1.0,0.0,1.0,0.0,0.0,Trachypithecus geei,10320.799967306051,9.456920030755017,9.241916552243154,2.246746751907426,-0.5637746005542383
Trachypithecus_johnii_ssp,203.58475614424623,116.6155462184874,0.4968393296443148,0.6118943332505796,0.0020358475614424623,0.001166155462184874,0.572810795990352,0.572810795990352,Trachypithecus_johnii,,,,,,Trachypithecus johnii,12042.319450820021,10.913712708556005,9.396182345726011,2.390020045213987,-0.5181181079638884
Trachypithecus_obscurus_ssp,172.44800606269024,75.04701754385965,0.521609037301793,0.6212377399614193,0.0017244800606269024,0.0007504701754385965,0.43518634548072255,0.43518634548072255,Trachypithecus_obscurus,4.0,0.0,0.75,0.25,0.0,Trachypithecus obscurus,7765.83,5.82,8.957488619761005,1.7613002617433464,-0.8692398766307021
Trachypithecus_phayrei_ssp,220.8561492628523,125.29076277116864,0.3512405219019022,0.4403326041474158,0.002208561492628523,0.0012529076277116864,0.5672957859192485,0.5672957859192485,Trachypithecus_phayrei,3.0,0.0,0.6666666666666666,0.3333333333333333,0.0,Trachypithecus phayrei,9234.200749797881,7.9843097744156175,9.130669343116288,2.077478337657239,-0.6626476510728101
Trachypithecus_pileatus_ssp,110.75837762884215,59.386732533521524,0.7626250176533411,0.9211150913714479,0.0011075837762884214,0.0005938673253352152,0.5361827593081037,0.5361827593081037,Trachypithecus_pileatus,2.0,0.0,1.0,0.0,0.0,Trachypithecus pileatus,10320.799967306051,9.456920030755017,9.241916552243154,2.246746751907426,-0.5637746005542383
Trachypithecus_poliocephalus_ssp,65.467856835189,38.03220741318302,0.7124685815385611,0.6808858196057459,0.00065467856835189,0.0003803220741318302,0.5809294706091661,0.5809294706091661,Trachypithecus_poliocephalus,,,,,,Trachypithecus poliocephalus,8534.286278054375,5.952117863220548,9.051847008774052,1.7837470996231264,-0.9065014410365719
Trachypithecus_vetulus_ssp,232.82717709091372,134.72904962546815,0.43062300811489423,0.5224261880340132,0.002328271770909137,0.0013472904962546816,0.578665477582368,0.578665477582368,Trachypithecus_vetulus,,,,,,Trachypithecus vetulus,11950.858900804531,10.904188723589415,9.388558429321117,2.3891470019837624,-0.5141668650606075
Varecia_variegata_ssp,211.14443249566068,120.00280112044818,0.4223877586450922,0.6149837442961174,0.002111444324956607,0.001200028011204482,0.5683446146415175,0.5683446146415175,Varecia_variegata,5.0,0.6,0.0,0.2,0.2,Varecia variegata,3564.84,13.85,8.17887445105581,2.6282852326333472,0.4904390507439538
Xanthonycticebus_pygmaeus_ssp,75.38035742218051,41.826187717265356,1.016714758842786,1.8896699907363268,0.0007538035742218051,0.00041826187717265354,0.5548685247406122,0.5548685247406122,Xanthonycticebus_pygmaeus,,,,,,Xanthonycticebus pygmaeus,,,,,
